[0.7071068, -0.7071068, 0, 0, 0, 0, 0]
[0.5547002, -0.8320503, 0, 0, 0, 0, 2]
[0.3162278, -0.9486833, 0, 0, 0, 0, 2]
[0, -1, 0, 0, 0, 0, 2]
[0, -1, 0, 0, 0, 0, 3]
[0, -1, 0, 0, 0, 0, 3]
[-0.6246951, 0.7808688, 0, 0, 0, 0, 3]
[-0.5547002, 0.8320503, 0, 0, 0, 0, 0]
[-0.4472136, 0.8944272, 0, 0, 0, 0, 0]
[-0.3162278, 0.9486833, 0, 0, 0, 0, 1]
[-0.3713907, 0.9284767, 0, 0, 0, 0, 1]
[-0.4472136, 0.8944272, 0, 0, 0, 0, 1]
[-0.5547002, 0.8320503, 0, 0, 0, 0, 1]
[-0.7071068, 0.7071068, 0, 0, 0, 0, 1]
[-0.8944272, 0.4472136, 0, 0, 0, 0, 1]
[-1, 0, 0, 0, 0, 0, 0]
[-1, 0, 0, 0, 0, 0, 0]
[-0.7071068, -0.7071068, 0, 0, 0, 0, 0]
[-0.6, -0.8, 0, 0, 0, 0, 3]
[-0.4472136, -0.8944272, 0, 0, 0, 0, 2]
[-0.2425356, -0.9701425, 0, 0, 0, 0, 2]
[-0.3162278, -0.9486833, 0, 0, 0, 0, 3]
[-0.5547002, -0.8320503, 0, 0, 0, 0, 3]
[-0.7071068, -0.7071068, 0, 0, 0, 0, 3]
[-0.8320503, -0.5547002, 0, 0, 0, 0, 0]
[-0.9486833, -0.3162278, 0, 0, 0, 0, 0]
[0, 1, 0, 0, 0, 0, 0]
[0, 1, 0, 0, 0, 0, 1]
[0.3162278, 0.9486833, 0, 0, 0, 0, 1]
[0.5547002, 0.8320503, 0, 0, 0, 0, 2]
[0.7071068, 0.7071068, 0, 0, 0, 0, 2]
[0.8320503, 0.5547002, 0, 0, 0, 0, 2]
