[0.7071068, -0.7071068, 0, 0, 0, 0, 0]
[0.8944272, -0.4472136, 0, 0, 0, 0, 0]
[0.9486833, -0.3162278, 0, 0, 0, 0, 0]
[0.9701425, -0.2425356, 0, 0, 0, 0, 0]
[0.9805807, -0.1961161, 0, 0, 0, 0, 0]
[0.9863939, -0.164399, 0, 0, 0, 0, 0]
[1, 0, 0, 0, 0, 0, 3]
[1, 0, 0, 0, 0, 0, 2]
[1, 0, 0, 0, 0, 0, 2]
[1, 0, 0, 0, 0, 0, 2]
[1, 0, 0, 0, 0, 0, 2]
[1, 0, 0, 0, 0, 0, 2]
[0.7071068, -0.7071068, 0, 0, 0, 0, 1]
[0, -1, 0, 0, 0, 0, 2]
[-0.8, -0.6, 0, 0, 0, 0, 3]
[-0.8944272, -0.4472136, 0, 0, 0, 0, 0]
[-0.8320503, -0.5547002, 0, 0, 0, 0, 0]
[-0.7071068, -0.7071068, 0, 0, 0, 0, 0]
[-0.4472136, -0.8944272, 0, 0, 0, 0, 0]
[0, -1, 0, 0, 0, 0, 3]
[0.9486833, 0.3162278, 0, 0, 0, 0, 3]
[0.8320503, 0.5547002, 0, 0, 0, 0, 2]
[0.7071068, 0.7071068, 0, 0, 0, 0, 2]
[0.5547002, 0.8320503, 0, 0, 0, 0, 2]
[0.3162278, 0.9486833, 0, 0, 0, 0, 1]
[0, 1, 0, 0, 0, 0, 1]
[-0.4472136, 0.8944272, 0, 0, 0, 0, 1]
[-0.5547002, 0.8320503, 0, 0, 0, 0, 1]
[-0.7071068, 0.7071068, 0, 0, 0, 0, 0]
[-0.2425356, 0.9701425, 0, 0, 0, 0, 0]
[-0.3162278, 0.9486833, 0, 0, 0, 0, 1]
[-0.4472136, 0.8944272, 0, 0, 0, 0, 1]
[0.8320503, -0.5547002, 0, 0, 0, 0, 2]
[0.8944272, -0.4472136, 0, 0, 0, 0, 2]
[0.9284767, -0.3713907, 0, 0, 0, 0, 2]
[0.857493, -0.5144958, 0, 0, 0, 0, 2]
[0.7808688, -0.6246951, 0, 0, 0, 0, 2]
[0.7071068, -0.7071068, 0, 0, 0, 0, 3]
[0.6, -0.8, 0, 0, 0, 0, 3]
[0.4472136, -0.8944272, 0, 0, 0, 0, 3]
[0.3162278, -0.9486833, 0, 0, 0, 0, 3]
[0, -1, 0, 0, 0, 0, 0]
[-0.164399, -0.9863939, 0, 0, 0, 0, 1]
[-0.3162278, -0.9486833, 0, 0, 0, 0, 1]
[-0.3713907, -0.9284767, 0, 0, 0, 0, 1]
[-0.4472136, -0.8944272, 0, 0, 0, 0, 0]
[-0.5547002, -0.8320503, 0, 0, 0, 0, 3]
[-0.7071068, -0.7071068, 0, 0, 0, 0, 3]
[-0.4472136, -0.8944272, 0, 0, 0, 0, 3]
[-0.3162278, -0.9486833, 0, 0, 0, 0, 3]
[-0.9284767, -0.3713907, 0, 0, 0, 0, 3]
[-0.857493, -0.5144958, 0, 0, 0, 0, 0]
[-0.7808688, -0.6246951, 0, 0, 0, 0, 0]
[-0.7071068, -0.7071068, 0, 0, 0, 0, 0]
[-0.8, -0.6, 0, 0, 0, 0, 0]
[-0.9486833, -0.3162278, 0, 0, 0, 0, 1]
[-1, 0, 0, 0, 0, 0, 1]
[-0.9486833, 0.3162278, 0, 0, 0, 0, 1]
[0.7071068, 0.7071068, 0, 0, 0, 0, 2]
[0.5547002, 0.8320503, 0, 0, 0, 0, 2]
[0.4472136, 0.8944272, 0, 0, 0, 0, 2]
[0.6, 0.8, 0, 0, 0, 0, 2]
[0.7071068, 0.7071068, 0, 0, 0, 0, 2]
[0.7808688, 0.6246951, 0, 0, 0, 0, 2]
[-0.8944272, 0.4472136, 0, 0, 0, 0, 1]
[-0.7071068, 0.7071068, 0, 0, 0, 0, 1]
[-1, 0, 0, 0, 0, 0, 0]
[-0.7071068, -0.7071068, 0, 0, 0, 0, 0]
[-0.4472136, -0.8944272, 0, 0, 0, 0, 0]
[-0.7071068, -0.7071068, 0, 0, 0, 0, 0]
[-0.8320503, -0.5547002, 0, 0, 0, 0, 0]
[-0.8944272, -0.4472136, 0, 0, 0, 0, 0]
[-0.9284767, -0.3713907, 0, 0, 0, 0, 3]
[-0.9486833, -0.3162278, 0, 0, 0, 0, 0]
[-0.961524, -0.2747211, 0, 0, 0, 0, 3]
[-0.919145, -0.3939193, 0, 0, 0, 0, 3]
[-1, 0, 0, 0, 0, 0, 3]
[-0.8944272, -0.4472136, 0, 0, 0, 0, 2]
[-0.7071068, -0.7071068, 0, 0, 0, 0, 2]
[0, -1, 0, 0, 0, 0, 2]
[0.7071068, -0.7071068, 0, 0, 0, 0, 2]
[0.8944272, -0.4472136, 0, 0, 0, 0, 2]
[0.9486833, -0.3162278, 0, 0, 0, 0, 1]
[0.9701425, -0.2425356, 0, 0, 0, 0, 1]
[0.8320503, -0.5547002, 0, 0, 0, 0, 1]
[0.8944272, -0.4472136, 0, 0, 0, 0, 1]
[0.919145, -0.3939193, 0, 0, 0, 0, 2]
[0.961524, -0.2747211, 0, 0, 0, 0, 2]
[0.9899495, -0.1414214, 0, 0, 0, 0, 3]
[1, 0, 0, 0, 0, 0, 3]
[1, 0, 0, 0, 0, 0, 3]
[0.4472136, -0.8944272, 0, 0, 0, 0, 3]
[0, -1, 0, 0, 0, 0, 3]
[-0.4472136, -0.8944272, 0, 0, 0, 0, 3]
[-0.7071068, -0.7071068, 0, 0, 0, 0, 0]
[-0.8320503, -0.5547002, 0, 0, 0, 0, 0]
[-0.7071068, -0.7071068, 0, 0, 0, 0, 0]
[-0.6, -0.8, 0, 0, 0, 0, 0]
[0.4472136, -0.8944272, 0, 0, 0, 0, 0]
[0.3162278, -0.9486833, 0, 0, 0, 0, 1]
[0.2425356, -0.9701425, 0, 0, 0, 0, 1]
[0, -1, 0, 0, 0, 0, 2]
[-0.2425356, -0.9701425, 0, 0, 0, 0, 2]
[-0.3162278, -0.9486833, 0, 0, 0, 0, 2]
[-0.4472136, -0.8944272, 0, 0, 0, 0, 2]
[-0.9701425, 0.2425356, 0, 0, 0, 0, 1]
[-0.8944272, 0.4472136, 0, 0, 0, 0, 1]
[-0.8, 0.6, 0, 0, 0, 0, 1]
[-0.7071068, 0.7071068, 0, 0, 0, 0, 1]
[-0.6246951, 0.7808688, 0, 0, 0, 0, 0]
[-0.5547002, 0.8320503, 0, 0, 0, 0, 0]
[-0.9486833, 0.3162278, 0, 0, 0, 0, 0]
[-0.9284767, 0.3713907, 0, 0, 0, 0, 1]
[-0.8944272, 0.4472136, 0, 0, 0, 0, 3]
[-0.8320503, 0.5547002, 0, 0, 0, 0, 0]
[-0.7071068, 0.7071068, 0, 0, 0, 0, 0]
[-0.4472136, 0.8944272, 0, 0, 0, 0, 3]
[-0.7071068, 0.7071068, 0, 0, 0, 0, 3]
[-1, 0, 0, 0, 0, 0, 3]
[0.8944272, 0.4472135, 0, 0, 0, 0, 3]
[0.7071068, 0.7071068, 0, 0, 0, 0, 3]
[0, 1, 0, 0, 0, 0, 3]
[-0.7071068, 0.7071068, 0, 0, 0, 0, 3]
[-0.8944272, 0.4472136, 0, 0, 0, 0, 2]
[-1, 0, 0, 0, 0, 0, 2]
[-0.8944272, -0.4472136, 0, 0, 0, 0, 2]
[-0.7071068, -0.7071068, 0, 0, 0, 0, 1]
[-0.5547002, -0.8320503, 0, 0, 0, 0, 1]
[-0.3162278, -0.9486833, 0, 0, 0, 0, 1]
[-5.960464E-08, -1, 0, 0, 0, 0, 1]
[0.4472136, -0.8944272, 0, 0, 0, 0, 1]
[0.6, -0.8, 0, 0, 0, 0, 2]
[0.7071068, -0.7071068, 0, 0, 0, 0, 2]
[0.6246951, -0.7808688, 0, 0, 0, 0, 3]
[0.7071068, -0.7071068, 0, 0, 0, 0, 2]
[-0.2425357, -0.9701425, 0, 0, 0, 0, 3]
[0, -1, 0, 0, 0, 0, 3]
[0.2425356, -0.9701425, 0, 0, 0, 0, 3]
[0.3162278, -0.9486833, 0, 0, 0, 0, 3]
[0.4472136, -0.8944272, 0, 0, 0, 0, 3]
[0.7071068, -0.7071068, 0, 0, 0, 0, 3]
[1, 0, 0, 0, 0, 0, 0]
[0.7071068, 0.7071068, 0, 0, 0, 0, 0]
[0.4472136, 0.8944272, 0, 0, 0, 0, 0]
[0.3162278, 0.9486833, 0, 0, 0, 0, 0]
[0, 1, 0, 0, 0, 0, 0]
[-0.3162278, 0.9486833, 0, 0, 0, 0, 1]
[-0.5547002, 0.8320503, 0, 0, 0, 0, 1]
[-0.7071068, 0.7071068, 0, 0, 0, 0, 1]
[-0.8944272, 0.4472136, 0, 0, 0, 0, 1]
[-0.9701425, -0.2425356, 0, 0, 0, 0, 1]
[-0.8944272, -0.4472136, 0, 0, 0, 0, 1]
[-0.8, -0.6, 0, 0, 0, 0, 1]
[-0.7071068, -0.7071068, 0, 0, 0, 0, 0]
[-0.7808688, -0.6246951, 0, 0, 0, 0, 0]
[-0.8320503, -0.5547002, 0, 0, 0, 0, 3]
[-0.8944272, -0.4472136, 0, 0, 0, 0, 3]
[-0.919145, -0.3939193, 0, 0, 0, 0, 3]
[-0.8944272, 0.4472136, 0, 0, 0, 0, 3]
[-0.8320503, 0.5547002, 0, 0, 0, 0, 3]
[-0.7682213, 0.6401844, 0, 0, 0, 0, 0]
[-0.7071068, 0.7071068, 0, 0, 0, 0, 1]
[-0.6507913, 0.7592566, 0, 0, 0, 0, 1]
[-0.6, 0.8, 0, 0, 0, 0, 1]
[-0.5547002, 0.8320503, 0, 0, 0, 0, 1]
[-0.4856429, 0.8741572, 0, 0, 0, 0, 1]
[-0.4061384, 0.9138116, 0, 0, 0, 0, 1]
[-0.3162278, 0.9486833, 0, 0, 0, 0, 1]
[-0.2169305, 0.9761871, 0, 0, 0, 0, 2]
[0.2873479, 0.9578263, 0, 0, 0, 0, 2]
[0.3713907, 0.9284767, 0, 0, 0, 0, 2]
[0.4061384, 0.9138116, 0, 0, 0, 0, 2]
[0.4472136, 0.8944272, 0, 0, 0, 0, 2]
[0.4961389, 0.8682432, 0, 0, 0, 0, 2]
[0.5547002, 0.8320503, 0, 0, 0, 0, 2]
[0.4472136, 0.8944272, 0, 0, 0, 0, 1]
[0.5547002, 0.8320503, 0, 0, 0, 0, 1]
[0.7071068, 0.7071068, 0, 0, 0, 0, 1]
[0.8944272, 0.4472136, 0, 0, 0, 0, 1]
[0.9486833, 0.3162278, 0, 0, 0, 0, 1]
[0.9701425, 0.2425356, 0, 0, 0, 0, 1]
[0.8944272, 0.4472136, 0, 0, 0, 0, 0]
[0.8, 0.6, 0, 0, 0, 0, 0]
[0.7071068, 0.7071068, 0, 0, 0, 0, 0]
[0.6246951, 0.7808688, 0, 0, 0, 0, 0]
[0.5547002, 0.8320503, 0, 0, 0, 0, 0]
[0.6401844, 0.7682213, 0, 0, 0, 0, 0]
[0.7071068, 0.7071068, 0, 0, 0, 0, 0]
[0.7808688, 0.6246951, 0, 0, 0, 0, 0]
[0.857493, 0.5144958, 0, 0, 0, 0, 0]
[0.9284767, 0.3713907, 0, 0, 0, 0, 3]
[0.9805807, 0.1961161, 0, 0, 0, 0, 3]
[1, 0, 0, 0, 0, 0, 3]
[0.9805807, -0.1961161, 0, 0, 0, 0, 3]
[0.9701425, -0.2425356, 0, 0, 0, 0, 3]
[0.9486833, -0.3162278, 0, 0, 0, 0, 3]
[0.8944272, -0.4472136, 0, 0, 0, 0, 3]
[0.7071068, -0.7071068, 0, 0, 0, 0, 2]
[0, -1, 0, 0, 0, 0, 2]
[-0.7071068, -0.7071068, 0, 0, 0, 0, 2]
[-0.8944272, -0.4472136, 0, 0, 0, 0, 2]
[-0.7071068, -0.7071068, 0, 0, 0, 0, 2]
[-0.5547002, -0.8320503, 0, 0, 0, 0, 2]
[-0.9486833, -0.3162278, 0, 0, 0, 0, 2]
[-0.8320503, -0.5547002, 0, 0, 0, 0, 2]
[-0.7071068, -0.7071068, 0, 0, 0, 0, 2]
[-0.6, -0.8, 0, 0, 0, 0, 2]
[-0.5144958, -0.857493, 0, 0, 0, 0, 2]
[-0.3713907, -0.9284767, 0, 0, 0, 0, 1]
[-0.1961161, -0.9805807, 0, 0, 0, 0, 1]
[0, -1, 0, 0, 0, 0, 0]
[0.1961161, -0.9805807, 0, 0, 0, 0, 0]
[0.3713907, -0.9284767, 0, 0, 0, 0, 0]
[0.5144958, -0.857493, 0, 0, 0, 0, 0]
[0.09053575, -0.9958932, 0, 0, 0, 0, 0]
[0.1788854, -0.9838699, 0, 0, 0, 0, 0]
[0.2631174, -0.9647638, 0, 0, 0, 0, 1]
[0.3417431, -0.9397935, 0, 0, 0, 0, 2]
[0.3713907, -0.9284767, 0, 0, 0, 0, 2]
[0.4061384, -0.9138116, 0, 0, 0, 0, 2]
[0.4472136, -0.8944272, 0, 0, 0, 0, 2]
[0.4961389, -0.8682432, 0, 0, 0, 0, 2]
[0.5547002, -0.8320503, 0, 0, 0, 0, 2]
[0.6246951, -0.7808688, 0, 0, 0, 0, 2]
[0.7071068, -0.7071068, 0, 0, 0, 0, 2]
[0.6, -0.8, 0, 0, 0, 0, 3]
[0.4472136, -0.8944272, 0, 0, 0, 0, 3]
[0.2425356, -0.9701425, 0, 0, 0, 0, 3]
[0, -1, 0, 0, 0, 0, 3]
[-0.2425356, -0.9701425, 0, 0, 0, 0, 3]
[-0.4472136, -0.8944272, 0, 0, 0, 0, 3]
[-0.6, -0.8, 0, 0, 0, 0, 3]
[-0.7071068, -0.7071068, 0, 0, 0, 0, 0]
[-0.7808688, -0.6246951, 0, 0, 0, 0, 0]
[-0.8320503, -0.5547002, 0, 0, 0, 0, 0]
[-0.8682432, -0.4961389, 0, 0, 0, 0, 0]
[-0.8137335, -0.5812382, 0, 0, 0, 0, 0]
[-0.7592566, -0.6507913, 0, 0, 0, 0, 0]
[-0.7071068, -0.7071068, 0, 0, 0, 0, 0]
[-0.6401844, -0.7682213, 0, 0, 0, 0, 0]
[-0.7071068, -0.7071068, 0, 0, 0, 0, 0]
[-0.4472136, -0.8944272, 0, 0, 0, 0, 0]
[0, -1, 0, 0, 0, 0, 1]
[0.4472136, -0.8944272, 0, 0, 0, 0, 1]
[0.7071068, -0.7071068, 0, 0, 0, 0, 1]
[0.5547002, -0.8320503, 0, 0, 0, 0, 1]
[0.3162278, -0.9486833, 0, 0, 0, 0, 2]
[0, -1, 0, 0, 0, 0, 2]
[-0.3162278, -0.9486833, 0, 0, 0, 0, 2]
[0.3162278, -0.9486833, 0, 0, 0, 0, 2]
[0, -1, 0, 0, 0, 0, 2]
[-0.1961161, -0.9805807, 0, 0, 0, 0, 2]
[-0.3713907, -0.9284767, 0, 0, 0, 0, 3]
[-0.5144958, -0.857493, 0, 0, 0, 0, 3]
[-0.7682213, -0.6401844, 0, 0, 0, 0, 0]
[-0.8137335, -0.5812382, 0, 0, 0, 0, 0]
[-0.8479983, -0.529999, 0, 0, 0, 0, 0]
[-0.3511235, -0.9363292, 0, 0, 0, 0, 0]
[-0.3939193, -0.919145, 0, 0, 0, 0, 3]
[-0.4472136, -0.8944272, 0, 0, 0, 0, 2]
[-0.5144958, -0.857493, 0, 0, 0, 0, 2]
[-0.6, -0.8, 0, 0, 0, 0, 2]
[-0.7071068, -0.7071068, 0, 0, 0, 0, 2]
[-0.8320503, -0.5547002, 0, 0, 0, 0, 2]
[-0.9486833, -0.3162278, 0, 0, 0, 0, 2]
[-0.8944272, -0.4472136, 0, 0, 0, 0, 2]
[-0.7071068, -0.7071068, 0, 0, 0, 0, 2]
[0, -1, 0, 0, 0, 0, 3]
[0.7071068, -0.7071068, 0, 0, 0, 0, 0]
[0.8944272, -0.4472136, 0, 0, 0, 0, 0]
[0.9486833, -0.3162278, 0, 0, 0, 0, 0]
[0.4472136, 0.8944272, 0, 0, 0, 0, 3]
[0.5547002, 0.8320503, 0, 0, 0, 0, 3]
[0.6401844, 0.7682213, 0, 0, 0, 0, 2]
[0.7071068, 0.7071068, 0, 0, 0, 0, 2]
[0.7592566, 0.6507913, 0, 0, 0, 0, 2]
[0.8137335, 0.5812382, 0, 0, 0, 0, 2]
[0.8682432, 0.4961389, 0, 0, 0, 0, 1]
[0.919145, 0.3939193, 0, 0, 0, 0, 1]
[0.961524, 0.2747211, 0, 0, 0, 0, 1]
[0.9486833, 0.3162278, 0, 0, 0, 0, 1]
[0.9284767, 0.3713907, 0, 0, 0, 0, 1]
[0.8944272, 0.4472136, 0, 0, 0, 0, 1]
[0.8320503, 0.5547002, 0, 0, 0, 0, 1]
[0.7071068, 0.7071068, 0, 0, 0, 0, 1]
[0.4472136, 0.8944272, 0, 0, 0, 0, 0]
[0.3162278, 0.9486833, 0, 0, 0, 0, 0]
[0.2425356, 0.9701425, 0, 0, 0, 0, 0]
[0.7071068, 0.7071068, 0, 0, 0, 0, 0]
[0.8944272, 0.4472136, 0, 0, 0, 0, 0]
[0.9486833, 0.3162278, 0, 0, 0, 0, 2]
[0.9701425, 0.2425356, 0, 0, 0, 0, 0]
[0.9805807, 0.1961161, 0, 0, 0, 0, 3]
[0.9284767, 0.3713907, 0, 0, 0, 0, 3]
[0.8944272, 0.4472136, 0, 0, 0, 0, 2]
[0.3162278, 0.9486833, 0, 0, 0, 0, 3]
[0, 1, 0, 0, 0, 0, 0]
[-0.3162278, 0.9486833, 0, 0, 0, 0, 0]
[-0.5547002, 0.8320503, 0, 0, 0, 0, 0]
[-0.9486833, -0.3162278, 0, 0, 0, 0, 1]
[-0.9701425, -0.2425356, 0, 0, 0, 0, 1]
[-0.9805807, -0.1961161, 0, 0, 0, 0, 0]
[-0.9863939, -0.164399, 0, 0, 0, 0, 3]
[-0.9899495, -0.1414214, 0, 0, 0, 0, 3]
[-1, 0, 0, 0, 0, 0, 3]
[-1, 0, 0, 0, 0, 0, 3]
[-0.9284767, 0.3713907, 0, 0, 0, 0, 3]
[-0.8944272, 0.4472136, 0, 0, 0, 0, 3]
[-0.8320503, 0.5547002, 0, 0, 0, 0, 3]
[-0.7071068, 0.7071068, 0, 0, 0, 0, 3]
[-0.6, 0.8, 0, 0, 0, 0, 3]
[-0.7071068, 0.7071068, 0, 0, 0, 0, 3]
[-0.7808688, 0.6246951, 0, 0, 0, 0, 0]
[-0.8320503, 0.5547002, 0, 0, 0, 0, 0]
[-0.8682432, 0.4961389, 0, 0, 0, 0, 0]
[-0.919145, 0.3939193, 0, 0, 0, 0, 0]
[-0.961524, 0.2747211, 0, 0, 0, 0, 1]
[-0.9899495, 0.1414214, 0, 0, 0, 0, 1]
[-1, 0, 0, 0, 0, 0, 1]
[-0.9899495, -0.1414214, 0, 0, 0, 0, 1]
[-0.961524, -0.2747211, 0, 0, 0, 0, 1]
[-0.919145, -0.3939193, 0, 0, 0, 0, 1]
[-0.8682432, -0.4961389, 0, 0, 0, 0, 1]
[-0.8320503, -0.5547002, 0, 0, 0, 0, 1]
[-0.7808688, -0.6246951, 0, 0, 0, 0, 1]
[-0.7071068, -0.7071068, 0, 0, 0, 0, 1]
[-0.6, -0.8, 0, 0, 0, 0, 1]
[-0.4472136, -0.8944272, 0, 0, 0, 0, 1]
[-0.6, -0.8, 0, 0, 0, 0, 1]
[-0.4472136, -0.8944272, 0, 0, 0, 0, 2]
[-0.5547002, -0.8320503, 0, 0, 0, 0, 2]
[-0.7071068, -0.7071068, 0, 0, 0, 0, 2]
[-0.8320503, -0.5547002, 0, 0, 0, 0, 2]
[-0.9486833, -0.3162278, 0, 0, 0, 0, 2]
[-0.8944272, -0.4472136, 0, 0, 0, 0, 2]
[-0.7071068, -0.7071068, 0, 0, 0, 0, 2]
[0, -1, 0, 0, 0, 0, 2]
[0, -1, 0, 0, 0, 0, 3]
[0, -1, 0, 0, 0, 0, 3]
[0.3162278, -0.9486833, 0, 0, 0, 0, 3]
[0.4472136, -0.8944272, 0, 0, 0, 0, 3]
[0.7071068, -0.7071068, 0, 0, 0, 0, 3]
[1, 0, 0, 0, 0, 0, 3]
[0.7071068, 0.7071068, 0, 0, 0, 0, 3]
[0.4472136, 0.8944272, 0, 0, 0, 0, 0]
[0.3162278, 0.9486833, 0, 0, 0, 0, 0]
[0.2425356, 0.9701425, 0, 0, 0, 0, 0]
[0.1961161, 0.9805807, 0, 0, 0, 0, 1]
[-0.7071068, 0.7071068, 0, 0, 0, 0, 1]
[-0.4472136, 0.8944272, 0, 0, 0, 0, 1]
[-0.3162278, 0.9486833, 0, 0, 0, 0, 1]
[-0.2425356, 0.9701425, 0, 0, 0, 0, 1]
[0, 1, 0, 0, 0, 0, 0]
[0.2425356, 0.9701425, 0, 0, 0, 0, 0]
[0.4472136, 0.8944272, 0, 0, 0, 0, 3]
[0.6, 0.8, 0, 0, 0, 0, 3]
[0.7071068, 0.7071068, 0, 0, 0, 0, 3]
[0.8320503, 0.5547002, 0, 0, 0, 0, 3]
[0.9486833, 0.3162278, 0, 0, 0, 0, 3]
[1, 0, 0, 0, 0, 0, 3]
[0.7071068, 0.7071068, 0, 0, 0, 0, 3]
[0.8, 0.6, 0, 0, 0, 0, 3]
[0.8944272, 0.4472136, 0, 0, 0, 0, 3]
[0.9701425, 0.2425356, 0, 0, 0, 0, 3]
[1, 0, 0, 0, 0, 0, 3]
[0.9701425, -0.2425356, 0, 0, 0, 0, 0]
[0.8944272, -0.4472136, 0, 0, 0, 0, 0]
[0.8, -0.6, 0, 0, 0, 0, 0]
[0.7071068, -0.7071068, 0, 0, 0, 0, 0]
[0.6246951, -0.7808688, 0, 0, 0, 0, 0]
[0.5144958, -0.857493, 0, 0, 0, 0, 1]
[0.3713907, -0.9284767, 0, 0, 0, 0, 1]
[0.1961161, -0.9805807, 0, 0, 0, 0, 1]
[0, -1, 0, 0, 0, 0, 1]
[-0.1961161, -0.9805807, 0, 0, 0, 0, 1]
[-0.3713907, -0.9284767, 0, 0, 0, 0, 1]
[-0.5144958, -0.857493, 0, 0, 0, 0, 1]
[-0.6246951, -0.7808688, 0, 0, 0, 0, 1]
[-0.7071068, -0.7071068, 0, 0, 0, 0, 1]
[-0.8, -0.6, 0, 0, 0, 0, 1]
[-0.8944272, -0.4472136, 0, 0, 0, 0, 1]
[-0.9701425, -0.2425356, 0, 0, 0, 0, 1]
[-1, 0, 0, 0, 0, 0, 1]
[-0.9701425, 0.2425356, 0, 0, 0, 0, 1]
[-0.8944272, 0.4472136, 0, 0, 0, 0, 2]
[-0.8320503, 0.5547002, 0, 0, 0, 0, 2]
[-0.7071068, 0.7071068, 0, 0, 0, 0, 2]
[-0.4472136, 0.8944272, 0, 0, 0, 0, 2]
[-0.7071068, 0.7071068, 0, 0, 0, 0, 2]
[-1, 0, 0, 0, 0, 0, 2]
[-0.7071068, -0.7071068, 0, 0, 0, 0, 2]
[-0.4472136, -0.8944272, 0, 0, 0, 0, 2]
[-0.3162278, -0.9486833, 0, 0, 0, 0, 2]
[0, -1, 0, 0, 0, 0, 3]
[0.3162278, -0.9486833, 0, 0, 0, 0, 0]
[0.4472136, -0.8944272, 0, 0, 0, 0, 0]
[0.7071068, -0.7071068, 0, 0, 0, 0, 0]
[1, 0, 0, 0, 0, 0, 3]
[0.7071068, 0.7071068, 0, 0, 0, 0, 3]
[0.4472136, 0.8944272, 0, 0, 0, 0, 3]
[0.3162278, 0.9486833, 0, 0, 0, 0, 3]
[-1, 0, 0, 0, 0, 0, 3]
[-0.7071068, 0.7071068, 0, 0, 0, 0, 3]
[-0.4472136, 0.8944272, 0, 0, 0, 0, 3]
[-0.3162278, 0.9486833, 0, 0, 0, 0, 0]
[-0.2425356, 0.9701425, 0, 0, 0, 0, 0]
[0.4472136, 0.8944272, 0, 0, 0, 0, 3]
[0.4061384, 0.9138116, 0, 0, 0, 0, 3]
[0.4856429, 0.8741572, 0, 0, 0, 0, 2]
[0.5547002, 0.8320503, 0, 0, 0, 0, 2]
[0.6139406, 0.7893522, 0, 0, 0, 0, 2]
[0.6643639, 0.7474093, 0, 0, 0, 0, 2]
[0.7071068, 0.7071068, 0, 0, 0, 0, 2]
[0.7474093, 0.6643639, 0, 0, 0, 0, 1]
[0.7893522, 0.6139406, 0, 0, 0, 0, 1]
[0.8320503, 0.5547002, 0, 0, 0, 0, 1]
[0.8741572, 0.4856429, 0, 0, 0, 0, 1]
[0.5812382, 0.8137335, 0, 0, 0, 0, 1]
[0.6401844, 0.7682213, 0, 0, 0, 0, 1]
[0.7071068, 0.7071068, 0, 0, 0, 0, 2]
[0.7808688, 0.6246951, 0, 0, 0, 0, 2]
[0.857493, 0.5144958, 0, 0, 0, 0, 2]
[0.9284767, 0.3713907, 0, 0, 0, 0, 1]
[0.9805807, 0.1961161, 0, 0, 0, 0, 1]
[1, 0, 0, 0, 0, 0, 1]
[0.9805807, -0.1961161, 0, 0, 0, 0, 1]
[0.9284767, -0.3713907, 0, 0, 0, 0, 1]
[0.857493, -0.5144958, 0, 0, 0, 0, 0]
[0.8, -0.6, 0, 0, 0, 0, 0]
[0.7071068, -0.7071068, 0, 0, 0, 0, 0]
[0.5547002, -0.8320503, 0, 0, 0, 0, 0]
[0.3162278, -0.9486833, 0, 0, 0, 0, 0]
[0, -1, 0, 0, 0, 0, 0]
[-0.3162278, -0.9486833, 0, 0, 0, 0, 0]
[-0.5547002, -0.8320503, 0, 0, 0, 0, 3]
[-0.7071068, -0.7071068, 0, 0, 0, 0, 3]
[-0.8, -0.6, 0, 0, 0, 0, 3]
[-0.5547002, -0.8320503, 0, 0, 0, 0, 3]
[-0.6246951, -0.7808688, 0, 0, 0, 0, 3]
[-0.5144958, -0.857493, 0, 0, 0, 0, 3]
[-0.6401844, -0.7682213, 0, 0, 0, 0, 3]
[-0.5547002, -0.8320503, 0, 0, 0, 0, 0]
[-0.4472136, -0.8944272, 0, 0, 0, 0, 3]
[0.3162278, -0.9486833, 0, 0, 0, 0, 0]
[0.3713907, -0.9284767, 0, 0, 0, 0, 3]
[0.4472136, -0.8944272, 0, 0, 0, 0, 3]
[0.5547002, -0.8320503, 0, 0, 0, 0, 3]
[0.7071068, -0.7071068, 0, 0, 0, 0, 3]
[0.8944272, -0.4472136, 0, 0, 0, 0, 3]
[1, 0, 0, 0, 0, 0, 2]
[0.8944272, 0.4472136, 0, 0, 0, 0, 2]
[0.9486833, 0.3162278, 0, 0, 0, 0, 2]
[0.9701425, 0.2425356, 0, 0, 0, 0, 2]
[0.8944272, 0.4472136, 0, 0, 0, 0, 2]
[0.8, 0.6, 0, 0, 0, 0, 2]
[0.7071068, 0.7071068, 0, 0, 0, 0, 2]
[0.5547002, 0.8320503, 0, 0, 0, 0, 2]
[0.3162278, 0.9486833, 0, 0, 0, 0, 2]
[0, 1, 0, 0, 0, 0, 2]
[-0.3162278, 0.9486833, 0, 0, 0, 0, 2]
[-0.4472136, 0.8944272, 0, 0, 0, 0, 2]
[-0.7071068, 0.7071068, 0, 0, 0, 0, 1]
[-1, 0, 0, 0, 0, 0, 1]
[-0.7071068, -0.7071068, 0, 0, 0, 0, 1]
[-0.4472136, -0.8944272, 0, 0, 0, 0, 1]
[-0.3162278, -0.9486833, 0, 0, 0, 0, 1]
[-0.5547002, -0.8320503, 0, 0, 0, 0, 0]
[-0.7071068, -0.7071068, 0, 0, 0, 0, 0]
[-0.8, -0.6, 0, 0, 0, 0, 0]
[-0.7071068, -0.7071068, 0, 0, 0, 0, 0]
[-0.6246951, -0.7808688, 0, 0, 0, 0, 0]
[-0.5547002, -0.8320503, 0, 0, 0, 0, 0]
[-0.6507913, -0.7592566, 0, 0, 0, 0, 0]
[-0.6, -0.8, 0, 0, 0, 0, 0]
[-0.5547002, -0.8320503, 0, 0, 0, 0, 3]
[-0.5812382, -0.8137335, 0, 0, 0, 0, 0]
[-0.4961389, -0.8682432, 0, 0, 0, 0, 1]
[-0.3939193, -0.919145, 0, 0, 0, 0, 1]
[-0.2747211, -0.961524, 0, 0, 0, 0, 2]
[-0.1788854, -0.9838699, 0, 0, 0, 0, 2]
[-0.09053575, -0.9958932, 0, 0, 0, 0, 2]
[0, -1, 0, 0, 0, 0, 2]
[0.09053575, -0.9958932, 0, 0, 0, 0, 2]
[0.1788854, -0.9838699, 0, 0, 0, 0, 2]
[0.2631174, -0.9647638, 0, 0, 0, 0, 2]
[0.2873479, -0.9578263, 0, 0, 0, 0, 2]
[0.3162278, -0.9486833, 0, 0, 0, 0, 2]
[0.3511235, -0.9363292, 0, 0, 0.9629641, 0.2696299, 2]
[0.3939193, -0.919145, 0, 0, 0, 0, 3]
[0.4472136, -0.8944272, 0, 0, 0, 0, 3]
[0.5144958, -0.857493, 0, 0, 0, 0, 3]
[0.6, -0.8, 0, 0, 0, 0, 3]
[0.7071068, -0.7071068, 0, 0, 0, 0, 3]
[0.8, -0.6, 0, 0, 0, 0, 3]
[0.857493, -0.5144958, 0, 0, 0, 0, 3]
[0.9284767, -0.3713907, 0, 0, 0, 0, 0]
[0.9805807, -0.1961161, 0, 0, 0, 0, 0]
[1, 0, 0, 0, 0, 0, 0]
[0.9805807, 0.1961161, 0, 0, 0, 0, 0]
[0.9284767, 0.3713907, 0, 0, 0, 0, 0]
[0.8944272, 0.4472136, 0, 0, 0, 0, 0]
[0.8320503, 0.5547002, 0, 0, 0, 0, 0]
[0.7071068, 0.7071068, 0, 0, 0, 0, 0]
[0.4472136, 0.8944272, 0, 0, 0, 0, 0]
[0, 1, 0, 0, 0, 0, 0]
[-0.4472136, 0.8944272, 0, 0, 0, 0, 1]
[-0.7071068, 0.7071068, 0, 0, 0, 0, 2]
[-0.8320503, 0.5547002, 0, 0, 0, 0, 2]
[-0.8944272, 0.4472136, 0, 0, 0, 0, 2]
[-0.9284767, 0.3713907, 0, 0, 0, 0, 2]
[-0.9486833, 0.3162278, 0, 0, 0, 0, 2]
[-0.961524, 0.2747211, 0, 0, 0, 0, 2]
[-0.9899495, 0.1414214, 0, 0, 0, 0, 2]
[-1, 0, 0, 0, 0, 0, 2]
[-0.9899495, -0.1414214, 0, 0, 0, 0, 2]
[-0.961524, -0.2747211, 0, 0, 0, 0, 1]
[-0.919145, -0.3939193, 0, 0, 0, 0, 1]
[-0.8944272, -0.4472136, 0, 0, 0, 0, 0]
[-0.857493, -0.5144958, 0, 0, 0, 0, 0]
[-0.8, -0.6, 0, 0, 0, 0, 0]
[-0.7071068, -0.7071068, 0, 0, 0, 0, 0]
[-0.5547002, -0.8320503, 0, 0, 0, 0, 0]
[-0.3162278, -0.9486833, 0, 0, 0, 0, 0]
[-0.9486833, -0.3162278, 0, 0, 0, 0, 0]
[-0.9284767, -0.3713907, 0, 0, 0, 0, 0]
[-0.8944272, -0.4472136, 0, 0, 0, 0, 0]
[-0.9701425, -0.2425356, 0, 0, 0, 0, 0]
[-0.9486833, -0.3162278, 0, 0, 0, 0, 0]
[-0.8320503, -0.5547002, 0, 0, 0, 0, 1]
[0.7071068, -0.7071068, 0, 0, 0, 0, 0]
[0.5547002, -0.8320503, 0, 0, 0, 0, 1]
[0.3162278, -0.9486833, 0, 0, 0, 0, 2]
[0, -1, 0, 0, 0, 0, 2]
[-0.3162278, -0.9486833, 0, 0, 0, 0, 3]
[-0.5547002, -0.8320503, 0, 0, 0, 0, 2]
[-0.7071068, -0.7071068, 0, 0, 0, 0, 2]
[-0.7071068, 0.7071068, 0, 0, 0, 0, 2]
[-0.8, 0.6, 0, 0, 0, 0, 2]
[-0.857493, 0.5144958, 0, 0, 0, 0, 2]
[-0.8944272, 0.4472136, 0, 0, 0, 0, 2]
[-0.919145, 0.3939193, 0, 0, 0, 0, 2]
[-0.9363292, 0.3511235, 0, 0, 0, 0, 2]
[-0.8944272, 0.4472136, 0, 0, 0, 0, 2]
[-0.8479983, 0.529999, 0, 0, 0, 0, 2]
[-0.8, 0.6, 0, 0, 0, 0, 1]
[-0.7525767, 0.6585046, 0, 0, 0, 0, 1]
[-0.7071068, 0.7071068, 0, 0, 0, 0, 1]
[-0.6643639, 0.7474093, 0, 0, 0, 0, 1]
[-0.6246951, 0.7808688, 0, 0, 0, 0, 1]
[-0.5734624, 0.8192319, 0, 0, 0, 0, 1]
[-0.5144958, 0.857493, 0, 0, 0, 0, 0]
[-0.4472136, 0.8944272, 0, 0, 0, 0, 0]
[-0.3713907, 0.9284767, 0, 0, 0, 0, 0]
[-0.2873479, 0.9578263, 0, 0, 0, 0, 0]
[-0.1961161, 0.9805807, 0, 0, 0, 0, 0]
[-0.09950373, 0.9950372, 0, 0, 0, 0, 0]
[-0.3713907, 0.9284767, 0, 0, 0, 0, 0]
[-0.2873479, 0.9578263, 0, 0, 0, 0, 0]
[-0.1961161, 0.9805807, 0, 0, 0, 0, 0]
[-0.1961162, 0.9805807, 0, 0, 0, 0, 0]
[0, 1, 0, 0, 0, 0, 0]
[0, 1, 0, 0, 0, 0, 0]
[-0.2425356, 0.9701425, 0, 0, 0, 0, 0]
[-0.4472136, 0.8944272, 0, 0, 0, 0, 0]
[-0.6, 0.8, 0, 0, 0, 0, 0]
[-0.7071068, 0.7071068, 0, 0, 0, 0, 3]
[-0.7808688, 0.6246951, 0, 0, 0, 0, 3]
[-0.8320503, 0.5547002, 0, 0, 0, 0, 3]
[-0.8682432, 0.4961389, 0, 0, 0, 0, 3]
[-0.8944272, 0.4472136, 0, 0, 0, 0, 3]
[-0.9138116, 0.4061384, 0, 0, 0, 0, 3]
[-0.9486833, 0.3162278, 0, 0, 0, 0, 2]
[-0.9761871, 0.2169305, 0, 0, 0, 0, 1]
[-0.9701425, 0.2425356, 0, 0, 0, 0, 1]
[-0.961524, 0.2747211, 0, 0, 0, 0, 1]
[-0.9486833, 0.3162278, 0, 0, 0, 0, 1]
[-0.9284767, 0.3713907, 0, 0, 0, 0, 1]
[-0.8944272, 0.4472136, 0, 0, 0, 0, 2]
[-0.8320503, 0.5547002, 0, 0, 0, 0, 3]
[-0.7071068, 0.7071068, 0, 0, 0, 0, 3]
[-0.4472136, 0.8944272, 0, 0, 0, 0, 3]
[0, 1, 0, 0, 0, 0, 3]
[0.4472136, 0.8944272, 0, 0, 0, 0, 3]
[0.7071068, 0.7071068, 0, 0, 0, 0, 3]
[0.8944272, 0.4472136, 0, 0, 0, 0, 3]
[0.9486833, 0.3162278, 0, 0, 0, 0, 3]
[1, 0, 0, 0, 0, 0, 3]
[1, 0, 0, 0, 0, 0, 2]
[1, 0, 0, 0, 0, 0, 1]
[0.7071068, 0.7071068, 0, 0, 0, 0, 1]
[0, 1, 0, 0, 0, 0, 1]
[-0.7071068, 0.7071068, 0, 0, 0, 0, 1]
[-0.8944272, 0.4472136, 0, 0, 0, 0, 1]
[-0.9486833, 0.3162278, 0, 0, 0, 0, 1]
[-0.9701425, 0.2425356, 0, 0, 0, 0, 1]
[-0.9805807, 0.1961161, 0, 0, 0, 0, 1]
[-0.9863939, 0.164399, 0, 0, 0, 0, 1]
[-0.9899495, 0.1414214, 0, 0, 0, 0, 2]
[-0.9922779, 0.1240347, 0, 0, 0, 0, 2]
[-0.9938837, 0.1104315, 0, 0, 0, 0, 3]
[-1, 0, 0, 0, 0, 0, 3]
[-0.9938837, -0.1104315, 0, 0, 0, 0, 3]
[-0.9761871, -0.2169305, 0, 0, 0, 0, 3]
[-0.9486833, -0.3162278, 0, 0, 0, 0, 3]
[-0.9138116, -0.4061384, 0, 0, 0, 0, 3]
[-0.8741572, -0.4856429, 0, 0, 0, 0, 3]
[-0.8479983, -0.529999, 0, 0, 0, 0, 3]
[-0.8137335, -0.5812382, 0, 0, 0, 0, 3]
[-0.7682213, -0.6401844, 0, 0, 0, 0, 2]
[-0.7071068, -0.7071068, 0, 0, 0, 0, 1]
[-0.6246951, -0.7808688, 0, 0, 0, 0, 1]
[-0.5144958, -0.857493, 0, 0, 0, 0, 1]
[-0.3713907, -0.9284767, 0, 0, 0, 0, 1]
[0.7071068, -0.7071068, 0, 0, 0, 0, 1]
[0.8320503, -0.5547002, 0, 0, 0, 0, 1]
[0.8944272, -0.4472136, 0, 0, 0, 0, 1]
[0.9284767, -0.3713907, 0, 0, 0, 0, 1]
[0.9486833, -0.3162278, 0, 0, 0, 0, 1]
[0.961524, -0.2747211, 0, 0, 0, 0, 1]
[0.9701425, -0.2425356, 0, 0, 0, 0, 2]
[0.9761871, -0.2169305, 0, 0, 0, 0, 3]
[0.9805807, -0.1961161, 0, 0, 0, 0, 3]
[0.9950372, -0.09950373, 0, 0, 0, 0, 3]
[1, 0, 0, 0, 0, 0, 3]
[0.9950372, 0.09950373, 0, 0, 0, 0, 3]
[0.9805807, 0.1961161, 0, 0, 0, 0, 3]
[0.9578263, 0.2873479, 0, 0, 0, 0, 3]
[0.9284767, 0.3713907, 0, 0, 0, 0, 3]
[0.9138116, 0.4061384, 0, 0, 0, 0, 3]
[0.9486833, 0.3162278, 0, 0, 0, 0, 3]
[0.9761871, 0.2169305, 0, 0, 0, 0, 2]
[0.9938837, 0.1104315, 0, 0, 0, 0, 1]
[1, 0, 0, 0, 0, 0, 1]
[0.9938837, -0.1104315, 0, 0, 0, 0, 1]
[0.9922779, -0.1240347, 0, 0, 0, 0, 1]
[1, 0, 0, 0, 0, 0, 1]
[0.9922779, 0.1240347, 0, 0, 0, 0, 1]
[0.9701425, 0.2425356, 0, 0, 0, 0, 1]
[0.9363292, 0.3511235, 0, 0, 0, 0, 1]
[0.8944272, 0.4472136, 0, 0, 0, 0, 1]
[0.8479983, 0.529999, 0, 0, 0, 0, 1]
[0.8, 0.6, 0, 0, 0, 0, 2]
[0.7525767, 0.6585046, 0, 0, 0, 0, 3]
[0.7071068, 0.7071068, 0, 0, 0, 0, 3]
[0.6585046, 0.7525767, 0, 0, 0, 0, 3]
[0.7071068, 0.7071068, 0, 0, 0, 0, 3]
[0.7592566, 0.6507913, 0, 0, 0, 0, 3]
[0.8137335, 0.5812382, 0, 0, 0, 0, 3]
[0.8682432, 0.4961389, 0, 0, 0, 0, 3]
[0.919145, 0.3939193, 0, 0, 0, 0, 3]
[0.961524, 0.2747211, 0, 0, 0, 0, 3]
[0.9899495, 0.1414214, 0, 0, 0, 0, 3]
[1, 0, 0, 0, 0, 0, 2]
[0.9899495, -0.1414214, 0, 0, 0, 0, 1]
[0.9863939, -0.164399, 0, 0, 0, 0, 1]
[0.9805807, -0.1961161, 0, 0, 0, 0, 1]
[1, 0, 0, 0, 0, 0, 1]
[0.9805807, 0.1961161, 0, 0, 0, 0, 1]
[0.9284767, 0.3713907, 0, 0, 0, 0, 1]
[0.857493, 0.5144958, 0, 0, 0, 0, 1]
[0, 1, 0, 0, 0, 0, 1]
[0, 1, 0, 0, 0, 0, 1]
[0, 1, 0, 0, 0, 0, 1]
[0, 1, 0, 0, 0, 0, 1]
[0, 1, 0, 0, 0, 0, 0]
[0, 1, 0, 0, 0, 0, 0]
[-0.1104315, 0.9938837, 0, 0, 0, 0, 0]
[-0.1240347, 0.9922779, 0, 0, 0, 0, 0]
[-0.1414214, 0.9899495, 0, 0, 0, 0, 0]
[-0.164399, 0.9863939, 0, 0, 0, 0, 0]
[-0.1961161, 0.9805807, 0, 0, 0, 0, 2]
[-0.2425356, 0.9701425, 0, 0, 0, 0, 0]
[-0.3162278, 0.9486833, 0, 0, 0, 0, 3]
[-0.4472136, 0.8944272, 0, 0, 0, 0, 2]
[-0.7071068, -0.7071068, 0, 0, 0, 0, 3]
[-0.5547002, -0.8320503, 0, 0, 0, 0, 3]
[-0.4472136, -0.8944272, 0, 0, 0, 0, 3]
[-0.3713907, -0.9284767, 0, 0, 0, 0, 3]
[-0.5144958, -0.857493, 0, 0, 0, 0, 3]
[-0.9701425, -0.2425356, 0, 0, 0, 0, 0]
[-1, 0, 0, 0, 0, 0, 1]
[-0.9701425, 0.2425356, 0, 0, 0, 0, 1]
[-0.8944272, 0.4472136, 0, 0, 0, 0, 1]
[-0.8, 0.6, 0, 0, 0, 0, 1]
[-0.8944272, 0.4472136, 0, 0, 0, 0, 0]
[-0.8320503, -0.5547002, 0, 0, 0, 0, 3]
[-0.9486833, -0.3162278, 0, 0, 0, 0, 3]
[-1, 0, 0, 0, 0, 0, 3]
[-0.9486833, 0.3162278, 0, 0, 0, 0, 3]
[-0.8320503, 0.5547002, 0, 0, 0, 0, 3]
[-0.1240347, 0.9922779, 0, 0, 0, 0, 2]
[-0.1104315, 0.9938837, 0, 0, 0, 0, 3]
[-0.09950373, 0.9950372, 0, 0, 0, 0, 3]
[-0.1961161, 0.9805807, 0, 0, 0, 0, 3]
[-0.2169305, 0.9761871, 0, 0, 0, 0, 0]
[-0.2425356, 0.9701425, 0, 0, 0, 0, 0]
[-0.2747211, 0.961524, 0, 0, 0, 0, 1]
[-0.3162278, 0.9486833, 0, 0, 0, 0, 1]
[-0.3713907, 0.9284767, 0, 0, 0, 0, 1]
[-0.4472136, 0.8944272, 0, 0, 0, 0, 1]
[-0.5547002, 0.8320503, 0, 0, 0, 0, 1]
[-0.7071068, 0.7071068, 0, 0, 0, 0, 1]
[-0.8944272, 0.4472136, 0, 0, 0, 0, 1]
[-1, 0, 0, 0, 0, 0, 1]
[-1, 0, 0, 0, 0, 0, 1]
[-0.9486833, 0.3162278, 0, 0, 0, 0, 1]
[-0.8320503, 0.5547002, 0, 0, 0, 0, 1]
[-0.7071068, 0.7071068, 0, 0, 0, 0, 1]
[-0.6, 0.8, 0, 0, 0, 0, 1]
[-0.5144958, 0.857493, 0, 0, 0, 0, 1]
[-0.4472136, 0.8944272, 0, 0, 0.9805807, 0.1961161, 1]
[-0.3939193, 0.919145, 0, 0, 0, 0, 0]
[-0.3511235, 0.9363292, 0, 0, 0, 0, 3]
[-0.3162278, 0.9486833, 0, 0, 0, 0, 3]
[-0.2873479, 0.9578263, 0, 0, 0, 0, 3]
[-0.3713907, 0.9284767, 0, 0, 0, 0, 3]
[-0.4061384, 0.9138116, 0, 0, 0, 0, 3]
[-0.4472136, 0.8944272, 0, 0, 0, 0, 3]
[-0.4961389, 0.8682432, 0, 0, 0, 0, 3]
[-0.5547002, 0.8320503, 0, 0, 0, 0, 3]
[-0.6246951, 0.7808688, 0, 0, 0, 0, 3]
[-0.7071068, 0.7071068, 0, 0, 0, 0, 3]
[-0.8, 0.6, 0, 0, 0, 0, 3]
[-0.8944272, 0.4472136, 0, 0, 0, 0, 3]
[-0.9701425, 0.2425356, 0, 0, 0, 0, 3]
[-1, 0, 0, 0, 0, 0, 3]
[-0.9701425, -0.2425356, 0, 0, 0, 0, 3]
[-0.9486833, -0.3162278, 0, 0, 0, 0, 3]
[-0.8944272, -0.4472136, 0, 0, 0, 0, 3]
[-0.7071068, -0.7071068, 0, 0, 0.9863939, -0.164399, 3]
[0, -1, 0, 0, 0, 0, 2]
[0.7071068, -0.7071068, 0, 0, 0, 0, 2]
[0.8944272, -0.4472136, 0, 0, 0, 0, 2]
[0.7071068, -0.7071068, 0, 0, 0, 0, 2]
[0.8944272, -0.4472136, 0, 0, 0, 0, 2]
[1, 0, 0, 0, 0, 0, 2]
[1, 0, 0, 0, 0, 0, 1]
[0.7071068, 0.7071068, 0, 0, 0, 0, 1]
[0.4472136, 0.8944272, 0, 0, 0, 0, 1]
[0.3162278, 0.9486833, 0, 0, 0, 0, 1]
[0.2425356, 0.9701425, 0, 0, 0, 0, 1]
[0.1961161, 0.9805807, 0, 0, 0, 0, 1]
[0.3713907, 0.9284767, 0, 0, 0, 0, 1]
[0.4472136, 0.8944272, 0, 0, 0, 0, 1]
[0.5547002, 0.8320503, 0, 0, 0, 0, 1]
[0.7071068, 0.7071068, 0, 0, 0, 0, 0]
[0.8944272, 0.4472136, 0, 0, 0, 0, 1]
[0.9486833, 0.3162278, 0, 0, 0, 0, 1]
[0.4472136, -0.8944272, 0, 0, 0, 0, 1]
[0.5144958, -0.857493, 0, 0, 0, 0, 1]
[0.6, -0.8, 0, 0, 0, 0, 1]
[0.7071068, -0.7071068, 0, 0, 0, 0, 1]
[0.8320503, -0.5547002, 0, 0, 0, 0, 1]
[0.9486833, -0.3162278, 0, 0, 0, 0, 1]
[0.8944272, -0.4472136, 0, 0, 0.7071068, 0.7071068, 1]
[1, 0, 0, 0, 0, 0, 2]
[0.8944272, 0.4472136, 0, 0, 0, 0, 3]
[0.7071068, 0.7071068, 0, 0, 0, 0, 3]
[0.8320503, 0.5547002, 0, 0, 0, 0, 3]
[0.8944272, 0.4472136, 0, 0, 0, 0, 3]
[0.9701425, 0.2425356, 0, 0, 0, 0, 3]
[1, 0, 0, 0, 0, 0, 3]
[0.9701425, -0.2425356, 0, 0, 0, 0, 3]
[0.8944272, -0.4472136, 0, 0, 0, 0, 3]
[0.8, -0.6, 0, 0, 0, 0, 2]
[0.7071068, -0.7071068, 0, 0, 0, 0, 3]
[0.6246951, -0.7808688, 0, 0, 0, 0, 3]
[0.5547002, -0.8320503, 0, 0, 0, 0, 3]
[0.4961389, -0.8682432, 0, 0, 0, 0, 3]
[0.4472136, -0.8944272, 0, 0, 0, 0, 3]
[0.4061384, -0.9138116, 0, 0, 0, 0, 3]
[0.3713907, -0.9284767, 0, 0, 0, 0, 3]
[0.3417431, -0.9397935, 0, 0, 0, 0, 3]
[0.3162278, -0.9486833, 0, 0, 0, 0, 3]
[0.2940858, -0.955779, 0, 0, -0.7071068, -0.7071068, 3]
[0.3589791, -0.9333456, 0, 0, 0, 0, 2]
[0.3846154, -0.9230769, 0, 0, 0, 0, 1]
[0.413803, -0.9103665, 0, 0, 0, 0, 1]
[0.4472136, -0.8944272, 0, 0, 0, 0, 1]
[0.4856429, -0.8741572, 0, 0, 0, 0, 1]
[0.529999, -0.8479983, 0, 0, 0, 0, 1]
[0.5812382, -0.8137335, 0, 0, 0, 0, 1]
[0.6401844, -0.7682213, 0, 0, 0, 0, 1]
[0.7071068, -0.7071068, 0, 0, 0, 0, 1]
[0.7808688, -0.6246951, 0, 0, 0, 0, 1]
[0.857493, -0.5144958, 0, 0, 0, 0, 1]
[0.9284767, -0.3713907, 0, 0, 0, 0, 1]
[0.9805807, -0.1961161, 0, 0, 0, 0, 0]
[1, 0, 0, 0, 0, 0, 1]
[0.9805807, 0.1961161, 0, 0, 0, 0, 1]
[0.9284767, 0.3713907, 0, 0, 0, 0, 1]
[0.857493, 0.5144958, 0, 0, 0, 0, 1]
[0.7808688, 0.6246951, 0, 0, 0, 0, 1]
[0.7071068, 0.7071068, 0, 0, 0, 0, 1]
[0.6246951, 0.7808688, 0, 0, -0.7071068, 0.7071068, 1]
[0.5144958, 0.857493, 0, 0, 0, 0, 2]
[0.3713907, 0.9284767, 0, 0, 0, 0, 3]
[0.1961161, 0.9805807, 0, 0, 0, 0, 3]
[0, 1, 0, 0, 0, 0, 3]
[-0.1961161, 0.9805807, 0, 0, 0, 0, 3]
[-0.2425356, 0.9701425, 0, 0, 0, 0, 3]
[-0.3162278, 0.9486833, 0, 0, 0, 0, 3]
[-0.4472136, 0.8944272, 0, 0, 0, 0, 2]
[-0.7071068, 0.7071068, 0, 0, 0, 0, 1]
[-1, 0, 0, 0, 0, 0, 1]
[-0.7071068, -0.7071068, 0, 0, 0, 0, 1]
[-0.4472136, -0.8944272, 0, 0, 0, 0, 1]
[-0.3162278, -0.9486833, 0, 0, 0, 0, 1]
[-0.2425356, -0.9701425, 0, 0, -0.9486833, 0.3162278, 1]
[0, -1, 0, 0, 0, 0, 2]
[0, -1, 0, 0, 0, 0, 3]
[0, -1, 0, 0, 0, 0, 3]
[0, -1, 0, 0, 0, 0, 3]
[0, -1, 0, 0, 0, 0, 3]
[0, -1, 0, 0, 0, 0, 3]
[0, -1, 0, 0, 0, 0, 3]
[0, -1, 0, 0, 0, 0, 2]
[0, -1, 0, 0, 0, 0, 1]
[0, -1, 0, 0, 0, 0, 1]
[-0.0766965, -0.9970545, 0, 0, 0, 0, 1]
[-0.08304548, -0.9965458, 0, 0, 0, 0, 1]
[-0.09053575, -0.9958932, 0, 0, 0, 0, 1]
[-0.09950373, -0.9950372, 0, 0, -0.9805807, 0.1961161, 1]
[-0.1104315, -0.9938837, 0, 0, 0, 0, 2]
[-0.1240347, -0.9922779, 0, 0, 0, 0, 3]
[-0.1414214, -0.9899495, 0, 0, 0, 0, 3]
[-0.164399, -0.9863939, 0, 0, 0, 0, 3]
[-0.1961161, -0.9805807, 0, 0, 0, 0, 3]
[-0.3713907, -0.9284767, 0, 0, 0, 0, 3]
[-0.4472136, -0.8944272, 0, 0, 0, 0, 3]
[-0.5547002, -0.8320503, 0, 0, 0, 0, 2]
[-0.7071068, -0.7071068, 0, 0, 0, 0, 1]
[-0.8944272, -0.4472136, 0, 0, 0, 0, 1]
[-1, 0, 0, 0, 0, 0, 1]
[-0.8944272, 0.4472136, 0, 0, 0, 0, 1]
[-0.7071068, 0.7071068, 0, 0, 0, 0, 1]
[-0.5547002, 0.8320503, 0, 0, -0.9899495, 0.1414214, 1]
[-0.4472136, 0.8944272, 0, 0, 0, 0, 2]
[-0.3713907, 0.9284767, 0, 0, 0, 0, 3]
[-0.5144958, 0.857493, 0, 0, 0, 0, 3]
[-0.6, 0.8, 0, 0, 0, 0, 3]
[-0.7071068, 0.7071068, 0, 0, 0, 0, 3]
[-0.8320503, 0.5547002, 0, 0, 0, 0, 3]
[-0.9486833, 0.3162278, 0, 0, 0, 0, 3]
[-1, 0, 0, 0, 0, 0, 3]
[-0.9486833, -0.3162278, 0, 0, 0, 0, 0]
[-0.8320503, -0.5547002, 0, 0, 0, 0, 0]
[-0.7071068, -0.7071068, 0, 0, 0, 0, 0]
[-0.6, -0.8, 0, 0, 0, 0, 0]
[-0.5144958, -0.857493, 0, 0, 0, 0, 0]
[-0.4472136, -0.8944272, 0, 0, 0, 0, 3]
[-0.3162278, -0.9486833, 0, 0, 0, 0, 0]
[-0.2747211, -0.961524, 0, 0, 0, 0, 0]
[-0.2425356, -0.9701425, 0, 0, 0, 0, 0]
[-0.2169305, -0.9761871, 0, 0, 0, 0, 1]
[-0.1961161, -0.9805807, 0, 0, 0, 0, 1]
[-0.1788854, -0.9838699, 0, 0, 0, 0, 1]
[-0.164399, -0.9863939, 0, 0, 0, 0, 1]
[-0.1520572, -0.9883717, 0, 0, 0, 0, 1]
[-0.2248595, -0.9743912, 0, 0, 0, 0, 1]
[-0.2425356, -0.9701425, 0, 0, 0, 0, 1]
[-0.2631174, -0.9647638, 0, 0, 0, 1, 1]
[-0.2873479, -0.9578263, 0, 0, 0, 0, 0]
[-0.3162278, -0.9486833, 0, 0, 0, 0, 3]
[-0.3511235, -0.9363292, 0, 0, 0, 0, 3]
[-0.3939193, -0.919145, 0, 0, 0, 0, 3]
[-0.4961389, -0.8682432, 0, 0, 0, 0, 3]
[-0.4472136, -0.8944272, 0, 0, 0, 0, 3]
[-0.4061384, -0.9138116, 0, 0, 0, 0, 3]
[-0.3713907, -0.9284767, 0, 0, 0, 0, 3]
[-0.3417431, -0.9397935, 0, 0, 0, 0, 3]
[-0.3162278, -0.9486833, 0, 0, 0, 0, 0]
[-0.2940858, -0.955779, 0, 0, 0, 0, 1]
[-0.3589791, -0.9333456, 0, 0, 0, 0, 1]
[-0.3846154, -0.9230769, 0, 0, 0, 0, 1]
[-0.413803, -0.9103665, 0, 0, 0, 0, 1]
[-0.4472136, -0.8944272, 0, 0, 0, 0, 1]
[-0.4856429, -0.8741572, 0, 0, 0, 0, 1]
[-0.529999, -0.8479983, 0, 0, 0, 0, 1]
[-0.5812382, -0.8137335, 0, 0, 0.8944272, 0.4472136, 1]
[-0.6507913, -0.7592566, 0, 0, 0, 0, 0]
[-0.6, -0.8, 0, 0, 0, 0, 3]
[-0.5547002, -0.8320503, 0, 0, 0, 0, 3]
[-0.5144958, -0.857493, 0, 0, 0, 0, 3]
[-0.4788521, -0.8778955, 0, 0, 0, 0, 3]
[-0.4472136, -0.8944272, 0, 0, 0, 0, 3]
[-0.4190582, -0.9079593, 0, 0, 0, 0, 3]
[-0.4740998, -0.8804711, 0, 0, 0, 0, 3]
[-0.503871, -0.8637789, 0, 0, 0, 0, 3]
[-0.5368755, -0.8436615, 0, 0, 0, 0, 1]
[-0.5734624, -0.8192319, 0, 0, 0, 0, 1]
[-0.6139406, -0.7893522, 0, 0, 0, 0, 0]
[-0.6585046, -0.7525767, 0, 0, 0, 0, 1]
[-0.7071068, -0.7071068, 0, 0, 0, 0, 1]
[-0.7525767, -0.6585046, 0, 0, 0, 0, 1]
[-0.7071068, -0.7071068, 0, 0, 0, 0, 1]
[-0.6643639, -0.7474093, 0, 0, 0, 0, 1]
[-0.6246951, -0.7808688, 0, 0, 0.9701425, 0.2425356, 1]
[-0.5881717, -0.8087361, 0, 0, 0, 0, 0]
[-0.5547002, -0.8320503, 0, 0, 0, 0, 3]
[-0.5240974, -0.8516583, 0, 0, 0, 0, 3]
[-0.56921, -0.8221922, 0, 0, 0, 0, 3]
[-0.6, -0.8, 0, 0, 0, 0, 3]
[-0.6332378, -0.7739573, 0, 0, 0, 0, 3]
[-0.6689647, -0.7432942, 0, 0, 0, 0, 3]
[-0.7071068, -0.7071068, 0, 0, 0, 0, 3]
[-0.7474093, -0.6643639, 0, 0, 0, 0, 1]
[-0.7893522, -0.6139406, 0, 0, 0, 0, 3]
[-0.8320503, -0.5547002, 0, 0, 0, 0, 0]
[-0.8, -0.6, 0, 0, 0, 0, 1]
[-0.7592566, -0.6507913, 0, 0, 0, 0, 1]
[-0.7071068, -0.7071068, 0, 0, 0, 0, 1]
[-0.6401844, -0.7682213, 0, 0, 0, 0, 1]
[-0.5547002, -0.8320503, 0, 0, 0, 0, 1]
[-0.6246951, -0.7808688, 0, 0, 0, 0, 1]
[-0.5144958, -0.857493, 0, 0, 0.9863939, 0.164399, 1]
[-0.3713907, -0.9284767, 0, 0, 0, 0, 0]
[-0.1961161, -0.9805807, 0, 0, 0, 0, 3]
[-0.164399, -0.9863939, 0, 0, 0, 0, 3]
[-0.1414214, -0.9899495, 0, 0, 0, 0, 3]
[-0.1240347, -0.9922779, 0, 0, 0, 0, 3]
[-0.1104315, -0.9938837, 0, 0, 0, 0, 3]
[-0.09950373, -0.9950372, 0, 0, 0, 0, 3]
[-0.09053575, -0.9958932, 0, 0, 0, 0, 3]
[-0.08304548, -0.9965458, 0, 0, 0, 0, 0]
[-0.0766965, -0.9970545, 0, 0, -0.4472136, -0.8944272, 0]
[0, -1, 0, 0, 0, 0, 3]
[0, -1, 0, 0, 0, 0, 3]
[0, -1, 0, 0, 0, 0, 3]
[0, -1, 0, 0, 0, 0, 3]
[0, -1, 0, 0, 0, 0, 3]
[0, -1, 0, 0, 0, 0, 3]
[-0.2407717, -0.9630868, 0, 0, 0, 0, 0]
[0, -0.9922779, 0, 0, 0, 0, 0]
[0, -0.9863939, 0, 0, 0, 0, 3]
[0, -0.9701425, 0, 0, 0, 0, 3]
[0, -0.8944272, 0, 0, 0, 0, 3]
[0.6666667, -0.6666667, 0, 0, 0, 0, 0]
[0.8728715, -0.4364358, 0, 0, 0, 0, 0]
[0.9370425, -0.3123475, 0, 0, 0, 0, 0]
[0.8728715, -0.4364358, 0, 0, 0, 0, 2]
[0.6666667, -0.6666667, 0, 0, 0, 0, 2]
[0.8728715, -0.4364358, 0, 0, 0, 0, 0]
[0.9370425, -0.3123475, 0, 0, 0, 0, 0]
[0.9630868, -0.2407717, 0, 0, 0, 0, 0]
[0.9759001, -0.19518, 0, 0, 0, 0, 0]
[0.9630868, -0.2407717, 0, 0, 0, 0, 2]
[0.9370425, -0.3123475, 0, 0, 0, 0, 2]
[0.8728715, -0.4364358, 0, 0, 0, 0, 2]
[0.6666667, -0.6666667, 0, 0, 0, 0, 2]
[0.8944272, 0, 0, 0, 0, 0, 3]
[-0.8728715, 0.4364358, 0, 0, 0, 0, 2]
[-0.9370425, 0.3123475, 0, 0, 0, 0, 2]
[-0.9630868, 0.2407717, 0, 0, 0, 0, 3]
[-0.8888889, 0.4444444, 0, 0, 0, 0, 1]
[-0.9630868, 0.2407717, 0, 0, 0, 0, 1]
[-0.9922779, 0, 0, 0, 0, 0, 0]
[-0.9863939, 0, 0, 0, 0, 0, 0]
[-0.9701425, 0, 0, 0, 0, 0, 0]
[-0.3698001, 0.9245003, 0, 0, 0, 0, 0]
[-0.19518, 0.9759001, 0, 0, 0, 0, 1]
[0, 0.9950372, 0, 0, 0, 0, 1]
[0, 0.9922779, 0, 0, 0, 0, 1]
[0, 0.9863939, 0, 0, 0, 0, 1]
[0.4364358, 0.8728715, 0, 0, 0, 0, 1]
[0.6666667, 0.6666667, 0, 0, 0, 0, 2]
[0.8944272, 0, 0, 0, 0, 0, 0]
[0.6666667, -0.6666667, 0, 0, 0, 0, 0]
[0, -0.8944272, 0, 0, 0, 0, 0]
[0.6666667, -0.6666667, 0, 0, 0, 0, 0]
[0.8728715, -0.4364358, 0, 0, 0, 0, 3]
[0.9370425, -0.3123475, 0, 0, 0, 0, 3]
[0.9630868, -0.2407717, 0, 0, 0, 0, 2]
[0.9922779, 0, 0, 0, 0, 0, 2]
[0.9630868, 0.2407717, 0, 0, 0, 0, 2]
[0.9370425, 0.3123475, 0, 0, 0, 0, 1]
[0.93473, -0.3505237, 0, 0, 0, 0, 2]
[0.9171705, -0.3930731, 0, 0, 0, 0, 2]
[0.891953, -0.4459765, 0, 0, 0, 0, 2]
[0.8300574, -0.5533716, 0, 0, 0, 0, 2]
[0.7784989, -0.6227992, 0, 0, 0, 0, 2]
[0.7043607, -0.7043607, 0, 0, 0, 0, 2]
[0.5970224, -0.7960298, 0, 0, 0, 0, 3]
[0.4444444, -0.8888889, 0, 0, 0, 0, 3]
[0.2407717, -0.9630868, 0, 0, 0, 0, 3]
[-0.8241634, -0.5494422, 0, 0, 0, 0, 3]
[-0.8888889, -0.4444444, 0, 0, 0, 0, 3]
[-0.9630868, -0.2407717, 0, 0, 0, 0, 0]
[-0.9922779, 0, 0, 0, 0, 0, 0]
[-0.9630868, 0.2407717, 0, 0, 0, 0, 0]
[-0.8888889, 0.4444444, 0, 0, 0, 0, 0]
[-0.7960298, 0.5970224, 0, 0, 0, 0, 1]
[-0.7022469, 0.7022469, 0, 0, 0, 0, 1]
[-1.06624E-07, 0.8944272, 0, 0, 0, 0, 1]
[0.6666667, 0.6666667, 0, 0, 0, 0, 2]
[0.8728715, 0.4364358, 0, 0, 0, 0, 2]
[0.9370425, 0.3123475, 0, 0, 0, 0, 2]
[0.9863939, 0, 0, 0, 0, 0, 3]
[-0.4444444, 0.8888889, 0, 0, 0, 0, 3]
[-0.5494422, 0.8241634, 0, 0, 0, 0, 2]
[-0.6963106, 0.6963106, 0, 0, 0, 0, 2]
[-0.8241634, 0.5494422, 0, 0, 0, 0, 2]
[-0.8888889, 0.4444444, 0, 0, 0, 0, 1]
[-0.9245003, 0.3698001, 0, 0, 0, 0, 1]
[-0.8543577, 0.5126146, 0, 0, 0, 0, 1]
[-0.7784989, 0.6227992, 0, 0, 0, 0, 0]
[-0.8300574, 0.5533716, 0, 0, 0, 0, 1]
[-0.8665782, 0.4951876, 0, 0, 0, 0, 0]
[-0.8930329, 0.4465165, 0, 0, 0, 0, 0]
[-0.93473, 0.3505237, 0, 0, 0, 0, 1]
[-0.9683641, 0.242091, 0, 0, 0, 0, 0]
[-0.9903751, 0.1237969, 0, 0, 0, 0, 0]
[-0.9874839, 0.1410691, 0, 0, 0, 0, 0]
[-0.9974588, 0, 0, 0, 0, 0, 0]
[-0.9965458, 0, 0, 0, 0, 0, 0]
