[-0.5970224, 0.7960298, 0, 0, 0, 0, 1]
[-0.7043607, 0.7043607, 0, 0, 0, 0, 2]
[-0.7784989, 0.6227992, 0, 0, 0, 0, 2]
[-0.8300574, 0.5533716, 0, 0, 0, 0, 2]
[-0.8665782, 0.4951876, 0, 0, 0, 0, 2]
[-0.9171705, 0.3930731, 0, 0, 0, 0, 2]
[-0.9592642, 0.2740755, 0, 0, 0.867632, 0.242937, 2]
[-0.8, 0.6, 0, 0, 0, 0, 0]
[-0.8944272, 0.4472136, 0, 0, 0, 0, 1]
[-0.9701425, 0.2425356, 0, 0, 0, 0, 1]
[-1, 0, 0, 0, 0, 0, 1]
[-0.9701425, -0.2425356, 0, 0, 0, 0, 1]
[-0.9486833, -0.3162278, 0, 0, 0, 0, 0]
[-0.8944272, -0.4472136, 0, 0, 0, 0, 0]
[-0.7071068, -0.7071068, 0, 0, 0, 0, 0]
[0, -1, 0, 0, 0, 0, 0]
[0.8320503, -0.5547002, 0, 0, 0, 0, 3]
[0.9486833, -0.3162278, 0, 0, 0, 0, 3]
[1, 0, 0, 0, 0, 0, 2]
[1, 0, 0, 0, 0, 0, 2]
[0.9863939, 0.164399, 0, 0, 0, 0, 2]
[0.9805807, 0.1961161, 0, 0, 0, 0, 2]
[0.9701425, 0.2425356, 0, 0, 0, 0, 2]
[0.9486833, 0.3162278, 0, 0, 0, 0, 2]
[0.8944272, 0.4472136, 0, 0, 0, 0, 2]
[0.7071068, -0.7071068, 0, 0, 0, 0, 1]
[0.4472136, -0.8944272, 0, 0, 0, 0, 2]
[0, -1, 0, 0, 0, 0, 3]
[0, -1, 0, 0, 0, 0, 3]
[-0.3162278, -0.9486833, 0, 0, 0, 0, 3]
[-0.9922779, -0.1240347, 0, 0, 0, 0, 0]
[-1, 0, 0, 0, 0, 0, 0]
[-0.9922779, 0.1240347, 0, 0, 0, 0, 0]
[-0.9701425, 0.2425356, 0, 0, 0, 0, 0]
[-0.961524, 0.2747211, 0, 0, 0, 0, 1]
[-0.9486833, 0.3162278, 0, 0, 0, 0, 1]
[-0.9284767, 0.3713907, 0, 0, 0, 0, 0]
[-0.8944272, 0.4472136, 0, 0, 0, 0, 0]
[-0.9701425, 0.2425356, 0, 0, 0, 0, 0]
[-0.4472136, 0.8944272, 0, 0, 0, 0, 0]
[-0.7071068, 0.7071068, 0, 0, 0, 0, 1]
[0, 1, 0, 0, 0, 0, 2]
[0.7071068, 0.7071068, 0, 0, 0, 0, 2]
[-0.8944272, -0.4472136, 0, 0, 0, 0, 2]
[-0.7071068, -0.7071068, 0, 0, 0, 0, 2]
[0, -1, 0, 0, 0, 0, 1]
[0, -1, 0, 0, 0, 0, 1]
[-0.4472136, -0.8944272, 0, 0, 0, 0, 0]
[-0.7071068, -0.7071068, 0, 0, 0, 0, 0]
[-0.8320503, -0.5547002, 0, 0, 0, 0, 0]
[-0.8944272, -0.4472136, 0, 0, 0, 0, 3]
[-0.8, -0.6, 0, 0, 0, 0, 3]
[-0.7071068, -0.7071068, 0, 0, 0, 0, 3]
[-0.6, -0.8, 0, 0, 0, 0, 3]
[-0.3939193, -0.919145, 0, 0, 0, 0, 0]
[-0.2747211, -0.961524, 0, 0, 0, 0, 3]
[-0.1414214, -0.9899495, 0, 0, 0, 0, 3]
[0.6401844, -0.7682213, 0, 0, 0, 0, 3]
[0.7071068, -0.7071068, 0, 0, 0, 0, 2]
[0.7808688, -0.6246951, 0, 0, 0, 0, 2]
[0.857493, -0.5144958, 0, 0, 0, 0, 2]
[0.9284767, -0.3713907, 0, 0, 0, 0, 2]
[0.9486833, -0.3162278, 0, 0, 0, 0, 2]
[0.9863939, -0.164399, 0, 0, 0, 0, 2]
[0.5547002, -0.8320503, 0, 0, 0, 0, 1]
[0.7071068, -0.7071068, 0, 0, 0, 0, 1]
[0.8944272, -0.4472136, 0, 0, 0, 0, 1]
[0.7071068, -0.7071068, 0, 0, 0, 0, 0]
[0, -1, 0, 0, 0, 0, 0]
[-0.7071068, -0.7071068, 0, 0, 0, 0, 0]
[-0.8944272, -0.4472136, 0, 0, 0, 0, 0]
[-0.9486833, -0.3162278, 0, 0, 0, 0, 3]
[-0.9701425, -0.2425356, 0, 0, 0, 0, 3]
[-0.8944272, -0.4472136, 0, 0, 0, 0, 3]
[-0.7071068, -0.7071068, 0, 0, 0, 0, 3]
[-0.6, -0.8, 0, 0, 0, 0, 3]
[-0.5144958, -0.857493, 0, 0, 0, 0, 3]
[-0.3713907, -0.9284767, 0, 0, 0, 0, 2]
[0.4472136, -0.8944272, 0, 0, 0, 0, 1]
[0.6, -0.8, 0, 0, 0, 0, 1]
[0.7071068, -0.7071068, 0, 0, 0, 0, 2]
[0.7808688, -0.6246951, 0, 0, 0, 0, 2]
[0.857493, -0.5144958, 0, 0, 0, 0, 2]
[0.9486833, -0.3162278, 0, 0, 0, 0, 2]
[1, 0, 0, 0, 0, 0, 2]
[0.9486833, 0.3162278, 0, 0, 0, 0, 2]
[0.8320503, 0.5547002, 0, 0, 0, 0, 2]
[0.7071068, 0.7071068, 0, 0, 0, 0, 2]
[0.6, 0.8, 0, 0, 0, 0, 2]
[0.4472136, 0.8944272, 0, 0, 0.2916258, 0.9565325, 2]
[0.6666667, -0.6666667, 0, 0, 0, 0, 2]
[0, -0.8944272, 0, 0, 0, 0, 2]
[-0.2407717, -0.9630868, 0, 0, 0, 0, 3]
[-0.3123475, -0.9370425, 0, 0, 0, 0, 3]
[-0.4364358, -0.8728715, 0, 0, 0, 0, 3]
[-0.6666667, -0.6666667, 0, 0, 0, 0, 3]
[0.3152442, 0.9457325, 0, 0, 0, 0, 0]
[0.2740755, 0.9592642, 0, 0, 0, 0, 1]
[0.3930731, 0.9171705, 0, 0, 0, 0, 1]
[0.4459765, 0.891953, 0, 0, 0, 0, 1]
[0.5126146, 0.8543577, 0, 0, 0, 0, 2]
[0.5970224, 0.7960298, 0, 0, 0, 0, 2]
[0.4444444, 0.8888889, 0, 0, 0, 0, 2]
[0.2407717, 0.9630868, 0, 0, 0, 0, 1]
[0, 0.9922779, 0, 0, 0, 0, 1]
[0, 0.9863939, 0, 0, 0, 0, 1]
[-0.9863939, 0, 0, 0, 0, 0, 1]
[-0.9370425, -0.3123475, 0, 0, 0, 0, 0]
[-0.8241634, -0.5494422, 0, 0, 0, 0, 0]
[-0.7022469, -0.7022469, 0, 0, 0, 0, 0]
[-0.5494422, -0.8241634, 0, 0, 0, 0, 3]
[-0.3123475, -0.9370425, 0, 0, 0, 0, 3]
[0.3152441, -0.9457325, 0, 0, 0, 0, 3]
[0.4459765, -0.891953, 0, 0, 0, 0, 2]
[0.5126146, -0.8543577, 0, 0, 0, 0, 2]
[0.5970224, -0.7960298, 0, 0, 0, 0, 2]
[0.7022469, -0.7022469, 0, 0, 0, 0, 3]
[0.5494422, -0.8241634, 0, 0, 0, 0, 3]
[-0.3123475, 0.9370425, 0, 0, 0, 0, 3]
[-0.5494422, 0.8241634, 0, 0, 0, 0, 3]
[-0.7022469, 0.7022469, 0, 0, 0, 0, 0]
[-0.5970224, 0.7960298, 0, 0, 0, 0, 0]
[-0.5126146, 0.8543577, 0, 0, 0, 0, 1]
[-0.4459765, 0.891953, 0, 0, 0, 0, 1]
[-0.3930731, 0.9171705, 0, 0, 0, 0, 1]
[-0.2740755, 0.9592642, 0, 0, 0, 0, 1]
[-0.1410691, 0.9874839, 0, 0, 0, 0, 1]
[-0.1638464, 0.9830783, 0, 0, 0, 0, 1]
[-0.19518, 0.9759001, 0, 0, 0, 0, 1]
[-0.6963106, -0.6963106, 0, 0, 0, 0, 0]
[-0.5494422, -0.8241634, 0, 0, 0, 0, 0]
[-0.4444444, -0.8888889, 0, 0, 0, 0, 3]
[-0.3698001, -0.9245003, 0, 0, 0, 0, 3]
[-0.3152442, -0.9457325, 0, 0, 0, 0, 3]
[-0.2740755, -0.9592642, 0, 0, 0, 0, 3]
[-0.1410691, -0.9874839, 0, 0, 0, 0, 3]
[0, -0.9974588, 0, 0, 0, 0, 3]
[0.6963106, -0.6963106, 0, 0, 0, 0, 3]
[0.8728715, -0.4364358, 0, 0, 0, 0, 2]
[0.9701425, 0, 0, 0, 0, 0, 2]
[0.8728715, 0.4364358, 0, 0, 0, 0, 2]
[0.6963106, 0.6963106, 0, 0, 0, 0, 1]
[0.5494422, 0.8241634, 0, 0, 0, 0, 1]
[0.4444444, 0.8888889, 0, 0, 0, 0, 1]
[0.3698001, 0.9245003, 0, 0, 0, 0, 1]
[0.19518, 0.9759001, 0, 0, 0, 0, 1]
[0.9370425, 0.3123475, 0, 0, 0, 0, 0]
[0.8728715, 0.4364358, 0, 0, 0, 0, 0]
[0.6666667, 0.6666667, 0, 0, 0, 0, 3]
[0.8944272, 0, 0, 0, 0, 0, 3]
[0.6666667, -0.6666667, 0, 0, 0, 0, 3]
[0.4364358, -0.8728715, 0, 0, 0, 0, 3]
[0.3123475, -0.9370425, 0, 0, 0, 0, 2]
[0.2407717, -0.9630868, 0, 0, 0, 0, 2]
[-0.9457325, -0.3152442, 0, 0, 0, 0, 2]
[-0.9245003, -0.3698001, 0, 0, 0, 0, 2]
[-0.8888889, -0.4444444, 0, 0, 0, 0, 1]
[-0.9630868, -0.2407717, 0, 0, 0, 0, 1]
[-0.9922779, 0, 0, 0, 0, 0, 1]
[-0.9630868, 0.2407717, 0, 0, 0, 0, 0]
[-0.8888889, 0.4444444, 0, 0, 0, 0, 0]
[-0.9245003, 0.3698001, 0, 0, 0, 0, 0]
[-0.9457325, 0.3152442, 0, 0, 0, 0, 0]
[-0.9592642, 0.2740755, 0, 0, 0, 0, 0]
[-0.9683641, 0.242091, 0, 0, 0, 0, 0]
[-0.9903751, 0.1237969, 0, 0, 0, 0, 0]
[-0.9980526, 0, 0, 0, 0, 0, 0]
[-0.8728715, -0.4364358, 0, 0, 0, 0, 3]
[-0.6963106, -0.6963106, 0, 0, 0, 0, 3]
[-0.4364358, -0.8728715, 0, 0, 0, 0, 3]
[0, -0.9701425, 0, 0, 0, 0, 2]
[0.4364358, -0.8728715, 0, 0, 0, 0, 2]
[0.6963106, -0.6963106, 0, 0, 0, 0, 2]
[0.8241634, -0.5494422, 0, 0, 0, 0, 2]
[0.8888889, -0.4444444, 0, 0, 0, 0, 2]
[0.9245003, -0.3698001, 0, 0, 0, 0, 2]
[0.4364358, 0.8728716, 0, 0, 0, 0, 1]
[0.6963106, 0.6963106, 0, 0, 0, 0, 1]
[0.5494422, 0.8241634, 0, 0, 0, 0, 1]
[0.4444444, 0.8888889, 0, 0, 0, 0, 1]
[0.3698001, 0.9245003, 0, 0, 0, 0, 1]
[0.19518, 0.9759001, 0, 0, 0, 0, 0]
[0, 0.9950372, 0, 0, 0, 0, 0]
[-0.19518, 0.9759001, 0, 0, 0, 0, 0]
[-0.8241634, 0.5494422, 0, 0, 0, 0, 0]
[-0.8888889, 0.4444444, 0, 0, 0, 0, 0]
[-0.9245003, 0.3698001, 0, 0, 0, 0, 3]
[-0.9457325, 0.3152442, 0, 0, 0, 0, 3]
[-0.9830783, 0.1638464, 0, 0, 0, 0, 3]
[-0.9922779, 0, 0, 0, 0, 0, 0]
[-0.9630868, -0.2407717, 0, 0, 0, 0, 3]
[-0.8888889, -0.4444444, 0, 0, 0, 0, 2]
[-0.7022469, 0.7022469, 0, 0, 0, 0, 2]
[-0.8241634, 0.5494422, 0, 0, 0, 0, 2]
[-0.9370425, 0.3123475, 0, 0, 0, 0, 2]
[-0.8728715, 0.4364358, 0, 0, 0, 0, 2]
[-0.6666667, 0.6666667, 0, 0, 0, 0, 1]
[0, 0.8944272, 0, 0, 0, 0, 1]
[0.6666667, 0.6666667, 0, 0, 0, 0, 1]
[0.8728715, 0.4364358, 0, 0, 0, 0, 1]
[0.6963106, 0.6963106, 0, 0, 0, 0, 0]
[0.5494422, 0.8241634, 0, 0, 0, 0, 0]
[0.4444444, -0.8888889, 0, 0, 0, 0, 1]
[0.5494422, -0.8241634, 0, 0, 0, 0, 0]
[0.7022469, -0.7022469, 0, 0, 0, 0, 3]
[0.8241634, -0.5494422, 0, 0, 0, 0, 3]
[0.6963106, -0.6963106, 0, 0, 0, 0, 2]
[0.4364358, -0.8728715, 0, 0, 1, 0, 2]
[0.4472136, 0.8944272, 0, 0, 0, 0, 0]
[0.7071068, 0.7071068, 0, 0, 0, 0, 1]
[1, 0, 0, 0, 0, 0, 1]
[-0.7071068, -0.7071068, 0, 0, 0, 0, 2]
[-0.8944272, -0.4472136, 0, 0, 0, 0, 2]
[-0.9486833, -0.3162278, 0, 0, 0, 0, 3]
[-1, 0, 0, 0, 0, 0, 3]
[-0.9486833, 0.3162278, 0, 0, 0, 0, 0]
[-0.8944272, 0.4472136, 0, 0, 0, 0, 0]
[-0.7071068, 0.7071068, 0, 0, 0, 0, 0]
[-0.6, -0.8, 0, 0, 0, 0, 0]
[-0.4472136, -0.8944272, 0, 0, 0, 0, 0]
[-0.2425356, -0.9701425, 0, 0, 0, 0, 0]
[-0.3162278, -0.9486833, 0, 0, 0, 0, 3]
[-0.4472136, -0.8944272, 0, 0, 0, 0, 3]
[-0.7071068, -0.7071068, 0, 0, 0, 0, 3]
[0, -1, 0, 0, 0, 0, 0]
[-0.7071068, 0.7071068, 0, 0, 0, 0, 3]
[-0.4472136, 0.8944272, 0, 0, 0, 0, 0]
[0, 1, 0, 0, 0, 0, 1]
[0.2425356, 0.9701425, 0, 0, 0, 0, 1]
[0.3162278, 0.9486833, 0, 0, 0, 0, 1]
[0.4472136, 0.8944272, 0, 0, 0, 0, 1]
[0.7682213, 0.6401844, 0, 0, 0, 0, 2]
[0.8320503, 0.5547002, 0, 0, 0, 0, 2]
[0.8944272, 0.4472136, 0, 0, 0, 0, 2]
[0.857493, 0.5144958, 0, 0, 0, 0, 2]
[0.8, 0.6, 0, 0, 0, 0, 2]
[0.7071068, 0.7071068, 0, 0, 0, 0, 1]
[0.5547002, 0.8320503, 0, 0, 0, 0, 1]
[0.3162278, 0.9486833, 0, 0, 0, 0, 1]
[-0.3162278, -0.9486833, 0, 0, 0, 0, 2]
[-0.2425356, -0.9701425, 0, 0, 0, 0, 2]
[-0.1961161, -0.9805807, 0, 0, 0, 0, 3]
[-0.164399, -0.9863939, 0, 0, 0, 0, 3]
[-0.3162278, -0.9486833, 0, 0, 0, 0, 3]
[-0.4472136, -0.8944272, 0, 0, 0, 0, 3]
[-0.5144958, -0.857493, 0, 0, 0, 0, 3]
[-0.6, -0.8, 0, 0, 0, 0, 3]
[-0.7071068, -0.7071068, 0, 0, 0, 0, 0]
[-0.8320503, -0.5547002, 0, 0, 0, 0, 0]
[-0.8944272, -0.4472136, 0, 0, 0, 0, 0]
[-1, 0, 0, 0, 0, 0, 0]
[-0.8944272, 0.4472136, 0, 0, 0, 0, 1]
[-0.7071068, 0.7071068, 0, 0, 0, 0, 2]
[0, 1, 0, 0, 0, 0, 2]
[0.3162278, 0.9486833, 0, 0, 0, 0, 2]
[0.5547002, 0.8320503, 0, 0, 0, 0, 2]
[0.7071068, 0.7071068, 0, 0, 0, 0, 1]
[-0.7071068, -0.7071067, 0, 0, 0, 0, 1]
[0, -1, 0, 0, 0, 0, 1]
[0, -1, 0, 0, 0, 0, 0]
[-0.4472136, -0.8944272, 0, 0, 0, 0, 0]
[-0.7071068, -0.7071068, 0, 0, 0, 0, 0]
[-0.8320503, -0.5547002, 0, 0, 0, 0, 0]
[-0.8944272, -0.4472136, 0, 0, 0, 0, 0]
[-0.8, -0.6, 0, 0, 0, 0, 3]
[-0.7071068, -0.7071068, 0, 0, 0, 0, 3]
[-0.6246951, -0.7808688, 0, 0, 0, 0, 3]
[-0.5144958, -0.857493, 0, 0, 0, 0, 2]
[-0.3713907, -0.9284767, 0, 0, 0, 0, 3]
[1, -1.192093E-07, 0, 0, 0, 0, 3]
[1, 0, 0, 0, 0, 0, 3]
[1, 0, 0, 0, 0, 0, 2]
[1, 0, 0, 0, 0, 0, 2]
[0.9701425, 0.2425356, 0, 0, 0, 0, 2]
[0.8944272, 0.4472136, 0, 0, 0, 0, 2]
[0.8, 0.6, 0, 0, 0, 0, 1]
[0.7071068, 0.7071068, 0, 0, 0, 0, 1]
[0.6, 0.8, 0, 0, 0, 0, 1]
[0.5144958, 0.857493, 0, 0, 0, 0, 1]
[0.4472136, 0.8944272, 0, 0, 0, 0, 1]
[0.3162278, 0.9486833, 0, 0, 0, 0, 1]
[-0.4472136, 0.8944272, 0, 0, 0, 0, 0]
[-0.529999, 0.8479983, 0, 0, 0, 0, 0]
[-0.6, 0.8, 0, 0, 0, 0, 0]
[-0.6585046, 0.7525767, 0, 0, 0, 0, 0]
[-0.7071068, 0.7071068, 0, 0, 0, 0, 0]
[-0.7592566, 0.6507913, 0, 0, 0, 0, 0]
[-0.8137335, 0.5812382, 0, 0, 0, 0, 0]
[-0.8682432, 0.4961389, 0, 0, 0, 0, 1]
[-0.7071068, 0.7071068, 0, 0, 0, 0, 1]
[-0.8320503, 0.5547002, 0, 0, 0, 0, 2]
[-0.9486833, 0.3162278, 0, 0, 0, 0, 2]
[-0.8944272, 0.4472136, 0, 0, 0, 0, 2]
[-0.7071068, 0.7071068, 0, 0, 0, 0, 2]
[0.4472135, -0.8944272, 0, 0, 0, -1, 3]
[0.7071068, -0.7071068, 0, 0, 0, 0, 2]
[0.8320503, -0.5547002, 0, 0, 0, 0, 2]
[0.8944272, -0.4472136, 0, 0, 0, 0, 3]
[0.9284767, -0.3713907, 0, 0, 0, 0, 3]
[0.7682213, -0.6401844, 0, 0, 0, 0, 3]
[0.8137335, -0.5812382, 0, 0, 0, 0, 3]
[0.7592566, -0.6507913, 0, 0, 0, 0, 3]
[0.7071068, -0.7071068, 0, 0, 0, 0, 3]
[0.2747211, -0.961524, 0, 0, 0, 0, 2]
[0.1414214, -0.9899495, 0, 0, 0, 0, 1]
[0, -1, 0, 0, 0, 0, 1]
[-0.1414214, -0.9899495, 0, 0, 0, 0, 1]
[-0.2747211, -0.961524, 0, 0, 0, 0, 1]
[-0.3162278, -0.9486833, 0, 0, 0, 0, 1]
[-0.4472136, -0.8944272, 0, 0, 0, 0, 1]
[-0.5547002, -0.8320503, 0, 0, 0, 0, 1]
[-0.6246951, -0.7808688, 0, 0, 0, 0, 0]
[-0.7071068, -0.7071068, 0, 0, 0, 0, 0]
[-0.8, -0.6, 0, 0, 0, 0, 3]
[-0.8944272, -0.4472136, 0, 0, 0, 0, 3]
[-0.9701425, -0.2425356, 0, 0, 0, 0, 3]
[-1, 0, 0, 0, 0, 0, 3]
[-1, 0, 0, 0, 0, 0, 3]
[-0.9805807, -0.1961161, 0, 0, 0, 0, 3]
[-0.9284767, -0.3713907, 0, 0, 0, 0, 3]
[-0.857493, -0.5144958, 0, 0, 0, 0, 0]
[-0.7808688, -0.6246951, 0, 0, 0, 0, 0]
[-0.961524, -0.2747211, 0, 0, 0, 0, 0]
[-0.919145, -0.3939193, 0, 0, 0, 0, 1]
[-0.8682432, -0.4961389, 0, 0, 0, 0, 1]
[-0.8137335, -0.5812382, 0, 0, 0, 0, 0]
[-0.9701425, -0.2425356, 0, 0, 0, 0, 0]
[-0.9486833, -0.3162278, 0, 0, 0, 0, 1]
[-0.8944272, -0.4472136, 0, 0, 0, 0, 1]
[-1, 0, 0, 0, 0, 0, 1]
[-0.8944272, 0.4472136, 0, 0, 0, 0, 1]
[-0.7071068, 0.7071068, 0, 0, 0, 0, 2]
[-0.5547002, 0.8320503, 0, 0, 0, 0, 2]
[-0.7071068, 0.7071068, 0, 0, 0, 0, 2]
[-0.6246951, 0.7808688, 0, 0, 0, 0, 1]
[-0.5547002, 0.8320503, 0, 0, 0, 0, 0]
[0.7071068, 0.7071068, 0, 0, 0, 0, 0]
[0.4472136, 0.8944272, 0, 0, 0, 0, 0]
[0.7071068, 0.7071068, 0, 0, 0, 0, 0]
[0.8320503, 0.5547002, 0, 0, 0, 0, 3]
[0.8944272, 0.4472136, 0, 0, 0, 0, 3]
[0.9701425, 0.2425356, 0, 0, 0, 0, 3]
[1, 0, 0, 0, 0, 0, 3]
[1, 0, 0, 0, 0, 0, 3]
[1, 0, 0, 0, 0, 0, 3]
[0.9863939, -0.164399, 0, 0, 0, 0, 2]
[0.9486833, -0.3162278, 0, 0, 0, 0, 2]
[0.8944272, -0.4472136, 0, 0, 0, 0, 2]
[0.8320503, -0.5547002, 0, 0, 0, 0, 2]
[0.7808688, -0.6246951, 0, 0, 0, 0, 2]
[0.7071068, -0.7071068, 0, 0, 0, 0, 2]
[0.6, -0.8, 0, 0, 0, 0, 1]
[1, 0, 0, 0, 0, 0, 2]
[0.9486833, -0.3162278, 0, 0, 0, 0, 1]
[0.9701425, -0.2425356, 0, 0, 0, 0, 1]
[0.9805807, -0.1961161, 0, 0, 0, 0, 1]
[0.6507913, -0.7592566, 0, 0, 0, 0, 1]
[0.7071068, -0.7071068, 0, 0, 0, 0, 2]
[0.7525767, -0.6585046, 0, 0, 0, 0, 3]
[0.8, -0.6, 0, 0, 0, 0, 3]
[0.8479983, -0.529999, 0, 0, 0, 0, 3]
[0.8944272, -0.4472136, 0, 0, 0, 0, 3]
[0.9363292, -0.3511235, 0, 0, 0, 0, 3]
[0.7071068, -0.7071068, 0, 0, 0, 0, 3]
[0.8320503, -0.5547002, 0, 0, 0, 0, 0]
[0.9486833, -0.3162278, 0, 0, 0, 0, 0]
[0.8944272, -0.4472136, 0, 0, 0, 0, 0]
[0.7071068, -0.7071068, 0, 0, 0, 0, 0]
[0.4472136, 0.8944272, 0, 0, 0, 0, 0]
[0.2425356, 0.9701425, 0, 0, 0, 0, 0]
[0, 1, 0, 0, 0, 0, 1]
[-0.2425356, 0.9701425, 0, 0, 0, 0, 1]
[-0.4472136, 0.8944272, 0, 0, 0, 0, 1]
[-0.5547002, 0.8320503, 0, 0, 0, 0, 1]
[-0.7071068, 0.7071068, 0, 0, 0, 0, 2]
[-0.8320503, 0.5547002, 0, 0, 0, 0, 2]
[-0.9863939, 0.164399, 0, 0, 0, 0, 1]
[-1, 0, 0, 0, 0, 0, 0]
[-0.9863939, -0.164399, 0, 0, 0, 0, 0]
[-0.9486833, -0.3162278, 0, 0, 0, 0, 0]
[1.192093E-07, 1, 0, 0, 0, 0, 3]
[-0.7071068, 0.7071068, 0, 0, 0, 0, 3]
[-0.4472136, 0.8944272, 0, 0, 0, 0, 3]
[-0.3162278, 0.9486833, 0, 0, 0, 0, 3]
[-0.2425356, 0.9701425, 0, 0, 0, 0, 3]
[-0.1961161, 0.9805807, 0, 0, 0, 0, 3]
[-0.164399, 0.9863939, 0, 0, 0, 0, 2]
[-0.1414214, 0.9899495, 0, 0, 0, 0, 2]
[0, 1, 0, 0, 0, 0, 2]
[0.1414214, 0.9899495, 0, 0, 0, 0, 2]
[0.2747211, 0.961524, 0, 0, 0, 0, 2]
[0.3939193, 0.919145, 0, 0, 0, 0, 2]
[0.4961389, 0.8682432, 0, 0, 0, 0, 2]
[0.5812382, 0.8137335, 0, 0, 0, 0, 1]
[0.6401844, 0.7682213, 0, 0, 0, 0, 1]
[0.7071068, 0.7071068, 0, 0, 0, 0, 1]
[0.7808688, 0.6246951, 0, 0, 0, 0, 1]
[0.857493, 0.5144958, 0, 0, 0, 0, 1]
[0.8, 0.6, 0, 0, 0, 0, 1]
[0.7071068, 0.7071068, 0, 0, 0, 0, 1]
[0.8320503, 0.5547002, 0, 0, 0, 0, 1]
[0.5547002, -0.8320503, 0, 0, 0, 0, 0]
[0.7071068, -0.7071068, 0, 0, 0, 0, 0]
[0.8, -0.6, 0, 0, 0, 0, 3]
[0.857493, -0.5144958, 0, 0, 0, 0, 3]
[0.9284767, -0.3713907, 0, 0, 0, 0, 3]
[0.9805807, -0.1961161, 0, 0, 0, 0, 3]
[0, 1, 0, 0, 0, 0, 3]
[0, 1, 0, 0, 0, 0, 0]
[0, 1, 0, 0, 0, 0, 0]
[0, 1, 0, 0, 0, 0, 0]
[0, 1, 0, 0, 0, 0, 0]
[-0.1240347, 0.9922779, 0, 0, 0, 0, 0]
[-0.2425356, 0.9701425, 0, 0, 0, 0, 1]
[-0.3511235, 0.9363292, 0, 0, 0, 0, 1]
[-0.4472136, 0.8944272, 0, 0, 0, 0, 1]
[-0.529999, 0.8479983, 0, 0, 0, 0, 1]
[-0.4961389, 0.8682432, 0, 0, 0, 0, 1]
[-0.5812382, 0.8137335, 0, 0, 0, 0, 1]
[-0.6507913, 0.7592566, 0, 0, 0, 0, 2]
[-0.7071068, 0.7071068, 0, 0, 0, 0, 3]
[-1, 0, 0, 0, 0, 0, 3]
[-0.9486833, -0.3162278, 0, 0, 0, 0, 2]
[-0.8320503, -0.5547002, 0, 0, 0, 0, 2]
[-0.7071068, -0.7071068, 0, 0, 0, 0, 1]
[-0.6, -0.8, 0, 0, 0, 0, 1]
[-0.5144958, -0.857493, 0, 0, 0, 0, 2]
[-0.4472136, -0.8944272, 0, 0, 0, 0, 2]
[-0.3939193, -0.919145, 0, 0, 0, 0, 2]
[-0.2747211, -0.961524, 0, 0, 0, 0, 2]
[-0.1414214, -0.9899495, 0, 0, 0, 0, 2]
[-0.164399, -0.9863939, 0, 0, 0, 0, 3]
[-0.1961161, -0.9805807, 0, 0, 0, 0, 3]
[-0.2425356, -0.9701425, 0, 0, 0, 0, 3]
[-0.3162278, -0.9486833, 0, 0, 0, 0, 3]
[-0.4472136, -0.8944272, 0, 0, 0, 0, 3]
[0, -1, 0, 0, 0, 0, 3]
[0.4472136, -0.8944272, 0, 0, 0, 0, 3]
[0.7071068, -0.7071068, 0, 0, 0, 0, 3]
[0.8320503, -0.5547002, 0, 0, 0, 0, 0]
[0.8944272, -0.4472136, 0, 0, 0, 0, 0]
[0.8, -0.6, 0, 0, 0, 0, 0]
[0.8944272, -0.4472136, 0, 0, 0, 0, 0]
[0.4472136, 0.8944272, 0, 0, 0, 0, 1]
[0.7071068, 0.7071068, 0, 0, 0, 0, 0]
[1, 0, 0, 0, 0, 0, 0]
[0.7071068, -0.7071068, 0, 0, 0, 0, 0]
[0.4472136, -0.8944272, 0, 0, 0, 0, 1]
[0.3162278, -0.9486833, 0, 0, 0, 0, 1]
[0, -1, 0, 0, 0, 0, 1]
[0.8320503, -0.5547002, 0, 0, 0, 1, 1]
[0.8944272, -0.4472136, 0, 0, 0, 0, 2]
[0.9486833, -0.3162278, 0, 0, 0, 0, 2]
[0.9284767, -0.3713907, 0, 0, 0, 0, 2]
[0.8944272, -0.4472136, 0, 0, 0, 0, 2]
[0.8, -0.6, 0, 0, 0, 0, 2]
[0.7071068, -0.7071068, 0, 0, 1, 0, 2]
[-0.7071068, -0.7071068, 0, 0, 0, 0, 3]
[-0.8, -0.6, 0, 0, 0, 0, 0]
[-0.857493, -0.5144958, 0, 0, 0, 0, 0]
[-0.8944272, -0.4472136, 0, 0, 0, 0, 0]
[-0.919145, -0.3939193, 0, 0, 0, 0, 0]
[-0.9363292, -0.3511235, 0, 0, -1, 0, 0]
[-0.9701425, -0.2425356, 0, 0, 0, 0, 3]
[-0.9922779, -0.1240347, 0, 0, 0, 0, 2]
[-1, 0, 0, 0, 0, 0, 2]
[-0.9922779, 0.1240347, 0, 0, 0, 0, 2]
[-0.9701425, 0.2425356, 0, 0, 0, 0, 2]
[-0.9363292, 0.3511235, 0, 0, 0, 0, 3]
[-0.8944272, 0.4472136, 0, 0, 0, 0, 2]
[-0.8479983, 0.529999, 0, 0, 0, 0, 2]
[-0.8137335, 0.5812382, 0, 0, 0, 0, 1]
[-0.7682213, 0.6401844, 0, 0, 0, 0, 1]
[-0.7071068, 0.7071068, 0, 0, 0, 0, 1]
[-0.6246951, 0.7808688, 0, 0, 0, 0, 1]
[-0.7071068, 0.7071068, 0, 0, 0, 0, 1]
[-0.6, 0.8, 0, 0, 0, 0, 0]
[-0.4472136, 0.8944272, 0, 0, 0, 0, 0]
[-0.2425356, 0.9701425, 0, 0, 0, 0, 0]
[-0.3162278, 0.9486833, 0, 0, 0, 0, 0]
[-0.4472136, 0.8944272, 0, 0, 0, 0, 0]
[-0.7071068, 0.7071068, 0, 0, 0, 0, 0]
[-1, 0, 0, 0, 0, 0, 0]
[-1, 0, 0, 0, 0, 0, 0]
[-1, 0, 0, 0, 0, 0, 0]
[-1, 0, 0, 0, 0, 0, 3]
[-1, 0, 0, 0, 0, 0, 2]
[2.384186E-08, -1, 0, 0, 0, 0, 3]
[-0.1961161, -0.9805807, 0, 0, 0, 0, 3]
[-0.3713907, -0.9284767, 0, 0, 0, 0, 3]
[-0.4472136, -0.8944272, 0, 0, 0, 0, 3]
[-0.2425356, -0.9701425, 0, 0, 0, 0, 3]
[0, -1, 0, 0, 0, 0, 3]
[0.2425356, -0.9701425, 0, 0, 0, 0, 2]
[0.4472136, -0.8944272, 0, 0, 0, 0, 2]
[0.6, -0.8, 0, 0, 0, 0, 2]
[0.7071068, -0.7071068, 0, 0, 0, 0, 2]
[-0.4472136, 0.8944272, 0, 0, 0, 0, 2]
[-0.7071068, 0.7071068, 0, 0, 0, 0, 2]
[-0.8320503, 0.5547002, 0, 0, 0, 0, 2]
[-0.8944272, 0.4472136, 0, 0, 0, 0, 2]
[-0.9284767, 0.3713907, 0, 0, 0, 0, 2]
[-0.857493, 0.5144958, 0, 0, 0, 0, 1]
[-0.8944272, 0.4472136, 0, 0, 0, 0, 1]
[-0.919145, 0.3939193, 0, 0, 0, 0, 1]
[-0.961524, 0.2747211, 0, 0, 0, 0, 1]
[-0.9899495, 0.1414214, 0, 0, 0, 0, 1]
[-1, 0, 0, 0, 0, 0, 1]
[-0.9899495, -0.1414214, 0, 0, 0, 0, 1]
[-0.961524, -0.2747211, 0, 0, 0, 0, 1]
[-0.9486833, -0.3162278, 0, 0, 0, 0, 0]
[-0.9284767, -0.3713907, 0, 0, 0, 0, 0]
[-0.8944272, -0.4472136, 0, 0, 0, 0, 0]
[-0.8320503, -0.5547002, 0, 0, 0, 0, 0]
[-0.7071068, -0.7071068, 0, 0, 0, 0, 0]
[-0.4472136, -0.8944272, 0, 0, 0, 0, 0]
[0, -1, 0, 0, 0, 0, 3]
[0.4472136, -0.8944272, 0, 0, 0, 0, 3]
[0.7071068, -0.7071068, 0, 0, 0, 0, 0]
[0.8944272, -0.4472136, 0, 0, -1, 0, 0]
[0.9863939, -0.164399, 0, 0, 0, 0, 3]
[0.9805807, -0.1961161, 0, 0, 0, 0, 2]
[1, 0, 0, 0, 0, 0, 2]
[0.9805807, 0.1961161, 0, 0, 0, 0, 2]
[0.8320503, -0.5547002, 0, 0, 0, 0, 2]
[0.9486833, -0.3162278, 0, 0, 0, 0, 3]
[1, 0, 0, 0, 0, 0, 3]
[0.9486833, 0.3162278, 0, 0, 0, 0, 3]
[0.8320503, 0.5547002, 0, 0, 0, 0, 0]
[0.7071068, 0.7071068, 0, 0, 0, 0, 0]
[0, 1, 0, 0, 0, 0, 0]
[-0.7071068, 0.7071068, 0, 0, 0, 0, 0]
[-0.8944272, 0.4472136, 0, 0, 0, 0, 0]
[-0.9486833, 0.3162278, 0, 0, 0, 0, 3]
[0.4472136, 0.8944272, 0, 0, 0, 0, 2]
[0.2425356, 0.9701425, 0, 0, 0, 0, 2]
[0, 1, 0, 0, 0, 0, 2]
[-0.2425356, 0.9701425, 0, 0, 0, 0, 2]
[-0.4472136, 0.8944272, 0, 0, 0, 0, 2]
[-0.6, 0.8, 0, 0, 0, 0, 2]
[-0.7071068, 0.7071068, 0, 0, 0, 0, 1]
[-0.8320503, 0.5547002, 0, 0, 0, 0, 1]
[-0.7071068, 0.7071068, 0, 0, 0, 0, 1]
[-0.7808688, 0.6246951, 0, 0, 0, 0, 2]
[-0.857493, 0.5144958, 0, 0, 0, 0, 3]
[-0.9284767, 0.3713907, 0, 0, 0, 0, 2]
[-0.9805807, 0.1961161, 0, 0, 0, 0, 1]
[-1, 0, 0, 0, 0, 0, 1]
[-0.9805807, -0.1961161, 0, 0, 0, 0, 1]
[-0.9701425, -0.2425356, 0, 0, 0, 1, 1]
[-0.9486833, -0.3162278, 0, 0, 0, 0, 0]
[-0.8944272, -0.4472136, 0, 0, 0, 0, 0]
[-0.7071068, -0.7071068, 0, 0, 0, 0, 0]
[-0.9486833, -0.3162278, 0, 0, -1, 0, 0]
[-0.8944272, -0.4472136, 0, 0, 0, -1, 3]
[-0.7071068, -0.7071068, 0, 0, 0, 0, 2]
[-0.5494422, 0.8241634, 0, 0, 0, 0, 3]
[-0.3123475, 0.9370425, 0, 0, 0, 0, 0]
[-0.4364358, 0.8728715, 0, 0, 0, 0, 1]
[-0.6666667, 0.6666667, 0, 0, 0, 0, 1]
[-0.8944272, 0, 0, 0, 0, 0, 1]
[-2.372354E-08, -0.9950372, 0, 0, 0, 0, 0]
[0.19518, -0.9759001, 0, 0, 0, 0, 0]
[0.3698001, -0.9245003, 0, 0, 0, 0, 0]
[0.5126146, -0.8543577, 0, 0, 0, 0, 3]
[0.5970224, -0.7960298, 0, 0, 0, 0, 3]
[0.7022469, -0.7022469, 0, 0, 0, 0, 3]
[0.8241634, -0.5494422, 0, 0, 0, 0, 3]
[0.9370425, -0.3123475, 0, 0, 0, 0, 2]
[0.8728715, -0.4364358, 0, 0, 0, 0, 2]
[0.6666667, -0.6666667, 0, 0, 0, 0, 2]
[-0.4364358, 0.8728716, 0, 0, 0, 0, 3]
[-0.6963106, 0.6963106, 0, 0, 0, 0, 2]
[-0.5494422, 0.8241634, 0, 0, 0, 0, 2]
[-0.7022469, 0.7022469, 0, 0, 0, 0, 1]
[-0.7960298, 0.5970224, 0, 0, 0, 0, 1]
[-0.8888889, 0.4444444, 0, 0, 0, 0, 0]
[-0.9630868, 0.2407717, 0, 0, 0, 0, 0]
[-0.9370425, 0.3123475, 0, 0, 0, 0, 0]
[-0.8728715, 0.4364358, 0, 0, 0, 0, 0]
[-0.6666667, 0.6666667, 0, 0, 0, 0, 0]
[0, 0.8944272, 0, 0, 0, 0, 1]
[0.8241634, -0.5494422, 0, 0, 0, 0, 2]
[0.8888889, -0.4444444, 0, 0, 0, 0, 2]
[0.7960298, -0.5970224, 0, 0, 0, 0, 2]
[0.7022469, -0.7022469, 0, 0, 0, 0, 2]
[0.5494422, -0.8241634, 0, 0, 0, 0, 3]
[0.3123475, -0.9370425, 0, 0, 0, 0, 3]
[3.919577E-08, -0.9863939, 0, 0, 0, 0, 3]
[-0.3123475, -0.9370425, 0, 0, 0, 0, 3]
[-0.4364358, -0.8728715, 0, 0, 0, 0, 0]
[-0.6666667, -0.6666667, 0, 0, 0, 0, 1]
[-0.7960298, 0.5970224, 0, 0, 0, 0, 1]
[-0.7043607, 0.7043607, 0, 0, 0, 0, 1]
[-0.6227992, 0.7784989, 0, 0, 0, 0, 1]
[-0.5533716, 0.8300574, 0, 0, 0, 0, 1]
[-0.4459765, 0.891953, 0, 0, 0, 0, 1]
[-0.5126146, 0.8543577, 0, 0, 0, 0, 0]
[-0.5970224, 0.7960298, 0, 0, 0, 0, 0]
[-0.3123475, -0.9370425, 0, 0, 0, 0, 0]
[-0.2407717, -0.9630868, 0, 0, 0, 0, 1]
[-0.19518, -0.9759001, 0, 0, 0, 0, 1]
[-0.1638464, -0.9830783, 0, 0, 0, 0, 2]
[-0.1410691, -0.9874839, 0, 0, 0, 0, 2]
[0, -0.9974588, 0, 0, 0, 0, 2]
[0.1410691, -0.9874839, 0, 0, 0, 0, 3]
[0.2740755, -0.9592642, 0, 0, 0, 0, 3]
[0.242091, -0.9683641, 0, 0, 0, 0, 3]
[0.2166121, -0.9747547, 0, 0, 0, 0, 3]
[0.1102636, -0.9923721, 0, 0, 0, 0, 3]
[0, -0.9984604, 0, 0, 0, 0, 3]
[-0.1102636, -0.9923721, 0, 0, 0, 0, 3]
[-0.1237969, -0.9903751, 0, 0, 0, 0, 3]
[-0.1410691, -0.9874839, 0, 0, 0, 0, 0]
[-0.2740755, -0.9592642, 0, 0, 0, 0, 3]
[-0.9701425, 0, 0, 0, 0, 0, 0]
[-0.8728715, 0.4364358, 0, 0, 0, 0, 0]
[-0.6963106, 0.6963106, 0, 0, 0, 0, 0]
[-0.5494422, 0.8241634, 0, 0, 0, 0, 1]
[-0.4444444, 0.8888889, 0, 0, 0, 0, 1]
[-0.3698001, 0.9245003, 0, 0, 0, 0, 1]
[-0.3152442, 0.9457325, 0, 0, 0, 0, 2]
[-0.1638464, 0.9830783, 0, 0, 0, 0, 2]
[-0.1410691, 0.9874839, 0, 0, 0, 0, 1]
[0, 0.9974588, 0, 0, 0, 0, 1]
[0.1410691, 0.9874839, 0, 0, 0, 0, 1]
[0, 0.9701425, 0, 0, 0, 0, 1]
[0.4364358, 0.8728715, 0, 0, 0, 0, 1]
[0.6666667, 0.6666667, 0, 0, 0, 0, 1]
[0.8944272, 0, 0, 0, 0, 0, 2]
[0.6666667, -0.6666667, 0, 0, 0, 0, 2]
[0, -0.8944272, 0, 0, 0, 0, 2]
[-0.6666667, -0.6666667, 0, 0, 0, 0, 3]
[-0.4364358, -0.8728715, 0, 0, 0, 0, 3]
[-0.3123475, -0.9370425, 0, 0, 0, 0, 3]
[-0.2407717, -0.9630868, 0, 0, 0, 0, 3]
[-0.19518, -0.9759001, 0, 0, 0, 0, 3]
[-0.1638464, -0.9830783, 0, 0, 0, 0, 3]
[-0.1410691, -0.9874839, 0, 0, 0, 0, 3]
[-0.2740755, -0.9592642, 0, 0, 0, 0, 3]
[-0.3930731, -0.9171705, 0, 0, 0, 0, 0]
[-0.4951876, -0.8665782, 0, 0, 0, 0, 0]
[-0.5533716, -0.8300574, 0, 0, 0, 0, 0]
[-0.6227992, -0.7784989, 0, 0, 0, 0, 0]
[0.3152442, -0.9457325, 0, 0, 0, 0, 1]
[0.3698001, -0.9245003, 0, 0, 0, 0, 1]
[0.4444444, -0.8888889, 0, 0, 0, 0, 1]
[0.5494422, -0.8241634, 0, 0, 0, 0, 1]
[0.6963106, -0.6963106, 0, 0, 0, 0, 2]
[0.8728715, -0.4364358, 0, 0, 0, 0, 2]
[0.9701425, 0, 0, 0, 0, 0, 2]
[0.9863939, 0, 0, 0, 0, 0, 2]
[0.9922779, 0, 0, 0, 0, 0, 2]
[0.9950372, 0, 0, 0, 0, 0, 2]
[0.9965458, 0, 0, 0, 0, 0, 3]
[0.9830783, -0.1638464, 0, 0, 0, 0, 3]
[0.9457325, -0.3152442, 0, 0, 0, 0, 3]
[0.4444444, 0.8888889, 0, 0, 0, 0, 3]
[0.5494422, 0.8241634, 0, 0, 0, 0, 3]
[0.6963106, 0.6963106, 0, 0, 0, 0, 2]
[0.4364358, 0.8728715, 0, 0, 0, 0, 2]
[0, 0.9701425, 0, 0, 0, 0, 1]
[-0.4364358, 0.8728715, 0, 0, 0, 0, 1]
[-0.6963106, 0.6963106, 0, 0, 0, 0, 1]
[-0.8241634, 0.5494422, 0, 0, 0, 0, 1]
[-0.8888889, 0.4444444, 0, 0, 0, 0, 1]
[-0.7960298, 0.5970224, 0, 0, 0, 0, 1]
[-0.7043607, 0.7043607, 0, 0, 0, 0, 1]
[-0.6227992, 0.7784989, 0, 0, 0, 0, 0]
[-0.5533716, 0.8300574, 0, 0, 0, 0, 0]
[-0.4951876, 0.8665782, 0, 0, 0, 0, 0]
[-0.5802588, 0.8123624, 0, 0, 0, 0, 0]
[-0.6498365, 0.7581425, 0, 0, 0, 0, 0]
[-0.7960298, 0.5970224, 0, 0, 0, 0, 0]
[-0.8888889, 0.4444444, 0, 0, 0, 0, 1]
[-0.9630868, 0.2407717, 0, 0, 0, 0, 1]
[-0.9922779, 0, 0, 0, 0, 0, 1]
[-0.9630868, -0.2407717, 0, 0, 0, 0, 1]
[-0.8888889, -0.4444444, 0, 0, 0, 0, 1]
[-0.7960298, -0.5970224, 0, 0, 0.8728715, 0.4364358, 1]
[0, -0.8944272, 0, 0, 0, 0, 1]
[0, -0.9701425, 0, 0, 0, 0, 1]
[0, -0.9863939, 0, 0, 0, 0, 1]
[-0.3123475, -0.9370425, 0, 0, 0, 0, 2]
[-0.4364358, -0.8728715, 0, 0, 0, 0, 3]
[-0.6666667, -0.6666667, 0, 0, 0, 0, 3]
[-0.8944272, 0, 0, 0, 0, 0, 3]
[-0.6666667, -0.6666667, 0, 0, 0, 0, 1]
[-0.4364358, -0.8728715, 0, 0, 0, 0, 1]
[-0.3123475, -0.9370425, 0, 0, 0, 0, 1]
[-0.2407717, -0.9630868, 0, 0, 0, 0, 1]
[-0.19518, -0.9759001, 0, 0, 0, 0, 1]
[-0.2407717, -0.9630868, 0, 0, 0, 0, 3]
[0, -0.9922779, 0, 0, 0, 0, 0]
[0, -0.9863939, 0, 0, 0, 0, 3]
[0, -0.9701425, 0, 0, 0, 0, 3]
[0, -0.8944272, 0, 0, 0, 0, 3]
[0.9863939, 0, 0, 0, 0, 0, 3]
[0.9370425, 0.3123475, 0, 0, 0, 0, 2]
[0.8728715, 0.4364358, 0, 0, 0, 0, 2]
[0.6666667, 0.6666667, 0, 0, 0, 0, 2]
[-0.9830783, 0.1638464, 0, 0, 0, 0, 1]
[-0.9874839, 0.1410691, 0, 0, 0, 0, 0]
[-0.9974588, 0, 0, 0, 0, 0, 0]
[-0.9965458, 0, 0, 0, 0, 0, 0]
[-0.9950372, 0, 0, 0, 0, 0, 0]
[-0.9922779, 0, 0, 0, 0, 0, 0]
[-0.9863939, 0, 0, 0, 0, 0, 0]
[0.8728716, 0.4364358, 0, 0, 0, 0, 0]
[0.9370425, 0.3123475, 0, 0, 0, 0, 1]
[0.9630868, 0.2407717, 0, 0, 0, 0, 2]
[0.9759001, 0.19518, 0, 0, 0, 0, 2]
[0.9950372, 0, 0, 0, 0, 0, 2]
[0.9922779, 0, 0, 0, 0, 0, 2]
[0.3698001, -0.9245003, 0, 0, 0, 0, 2]
[0.19518, -0.9759001, 0, 0, 0, 0, 2]
[0, -0.9950372, 0, 0, 0, 0, 1]
[-0.19518, -0.9759001, 0, 0, 0, 0, 1]
[-0.3698001, -0.9245003, 0, 0, 0, 0, 2]
[-0.5126146, -0.8543577, 0, 0, 0, 0, 3]
[-0.4459765, -0.891953, 0, 0, 0, 0, 3]
[-0.3930731, -0.9171705, 0, 0, 0, 0, 3]
[-0.4951876, -0.8665782, 0, 0, 0, 0, 3]
[-0.5533716, -0.8300574, 0, 0, 0, 0, 3]
[-0.6227992, -0.7784989, 0, 0, 0, 0, 3]
[-0.7043607, -0.7043607, 0, 0, 0, 0, 3]
[-0.7960298, -0.5970224, 0, 0, 0, 0, 3]
[-0.8888889, -0.4444444, 0, 0, 0, 0, 0]
[-0.9630868, -0.2407717, 0, 0, 0, 0, 0]
[-0.9922779, 0, 0, 0, 0, 0, 0]
[-0.9630868, 0.2407717, 0, 0, 0, 0, 0]
[-0.9370425, 0.3123475, 0, 0, 0, 0, 0]
[-0.8728715, 0.4364358, 0, 0, 0, 0, 1]
[-1.487214E-08, 0.9980526, 0, 0, 0, 0, 2]
[0.1237969, 0.9903751, 0, 0, 0, 0, 2]
[0.242091, 0.9683641, 0, 0, 0, 0, 2]
[0.3505237, 0.93473, 0, 0, 0, 0, 2]
[0.3930731, 0.9171705, 0, 0, 0, 0, 1]
[0.2740755, 0.9592642, 0, 0, 0, 0, 1]
[0.1410691, 0.9874839, 0, 0, 0, 0, 1]
[0, 0.9974588, 0, 0, 0, 0, 1]
[-0.1410691, 0.9874839, 0, 0, 0, 0, 1]
[-0.1638464, 0.9830783, 0, 0, 0, 0, 1]
[-0.19518, 0.9759001, 0, 0, 0, 0, 1]
[-0.2407717, 0.9630868, 0, 0, 0, 0, 1]
[-0.3123475, 0.9370425, 0, 0, 0, 0, 0]
[0.3123475, -0.9370425, 0, 0, 0, 0, 3]
[0.2407717, -0.9630868, 0, 0, 0, 0, 3]
[0.19518, -0.9759001, 0, 0, 0, 0, 3]
[0.1638464, -0.9830783, 0, 0, 0, 0, 3]
[0.1410691, -0.9874839, 0, 0, 0, 0, 3]
[0.2740755, -0.9592642, 0, 0, 0, 0, 3]
[0.3152442, -0.9457325, 0, 0, 0, 0, 3]
[0.3698001, -0.9245003, 0, 0, 0, 0, 2]
[-0.9701425, 0, 0, 0, 0, 0, 2]
[-0.8728715, 0.4364358, 0, 0, 0, 0, 2]
[-0.6963106, 0.6963106, 0, 0, 0, 0, 2]
[-0.5494422, 0.8241634, 0, 0, 0, 0, 2]
[-0.4444444, 0.8888889, 0, 0, 0, 0, 2]
[-0.3698001, 0.9245003, 0, 0, 0, 0, 2]
[-0.5126146, 0.8543577, 0, 0, 0.2885742, 0.9465232, 2]
[-0.4364358, 0.8728715, 0, 0, 0, 0, 2]
[-0.6963106, 0.6963106, 0, 0, 0, 0, 2]
[-0.8728715, 0.4364358, 0, 0, 0, 0, 1]
[-0.9701425, 0, 0, 0, 0, 0, 1]
[-0.8944272, 0, 0, 0, 0, 0, 0]
[-0.9370425, -0.3123475, 0, 0, 0, 0, 0]
[-0.8728715, -0.4364358, 0, 0, 0, 0, 0]
[-0.6666667, -0.6666667, 0, 0, 0, 0, 0]
[-0.5494422, -0.8241634, 0, 0, 0, 0, 3]
[-0.3123475, -0.9370425, 0, 0, 0, 0, 0]
[-0.4364358, -0.8728715, 0, 0, 0, 0, 0]
[0, -0.9701425, 0, 0, 0, 0, 3]
[0.4364358, -0.8728715, 0, 0, 0, 0, 2]
[0.9683641, -0.242091, 0, 0, 0, 0, 3]
[0.9903751, -0.1237969, 0, 0, 0, 0, 0]
[0.9874839, -0.1410691, 0, 0, 0, 0, 0]
[0.9974588, 0, 0, 0, 0, 0, 0]
[0.9980526, 0, 0, 0, 0, 0, 3]
[0.9984604, 0, 0, 0, 0, 0, 3]
[0.9987524, 0, 0, 0, 0, 0, 3]
[0.993808, 0.09938081, 0, 0, 0, 0, 3]
[0.9794042, 0.1958808, 0, 0, 0, 0, 0]
[0.9567298, 0.2870189, 0, 0, 0, 0, 3]
[0.9274778, 0.3709911, 0, 0, 0, 0, 2]
[0.9389371, 0.3414317, 0, 0, 0, 0, 2]
[0.909588, 0.4134491, 0, 0, 0, 0, 2]
[0.8935341, 0.446767, 0, 0, 0, 0, 1]
[0.8731282, 0.4850712, 0, 0, 0, 0, 2]
[0.8468098, 0.5292561, 0, 0, 0, 0, 1]
[0.8930329, 0.4465165, 0, 0, 0, 0, 1]
[0.8665782, 0.4951876, 0, 0, 0, 0, 1]
[0.9171705, 0.3930731, 0, 0, 0, 0, 1]
[0.9592642, 0.2740755, 0, 0, 0, 0, 1]
[0.9874839, 0.1410691, 0, 0, 0, 0, 2]
[0.9974588, 0, 0, 0, 0, 0, 2]
[0.9874839, -0.1410691, 0, 0, 0, 0, 2]
[0.9830783, -0.1638464, 0, 0, 0, 0, 2]
[0.9759001, -0.19518, 0, 0, 0, 0, 2]
[0.9630868, -0.2407717, 0, 0, 0, 0, 2]
[0.9370425, -0.3123475, 0, 0, 0, 0, 2]
[-0.4444444, -0.8888889, 0, 0, 0, 0, 3]
[-0.5970224, -0.7960298, 0, 0, 0, 0, 3]
[-0.7043607, -0.7043607, 0, 0, 0, 0, 3]
[-0.7784989, -0.6227992, 0, 0, 0, 0, 3]
[-0.8543577, -0.5126146, 0, 0, 0, 0, 0]
[-0.9245003, -0.3698001, 0, 0, 0, 0, 0]
[-0.9759001, -0.19518, 0, 0, 0, 0, 0]
[-0.9950372, 0, 0, 0, 0, 0, 0]
[-0.8665782, 0.4951876, 0, 0, 0, 0, 0]
[-0.8300574, 0.5533716, 0, 0, 0, 0, 1]
[-0.7784989, 0.6227992, 0, 0, 0, 0, 1]
[-0.7043607, 0.7043607, 0, 0, 0, 0, 1]
[-0.5970224, 0.7960298, 0, 0, 0, 0, 0]
[-0.4444444, 0.8888889, 0, 0, 0, 0, 0]
[0.7043607, 0.7043607, 0, 0, 0, 0, 1]
[0.7960298, 0.5970224, 0, 0, 0, 0, 1]
[0.8888889, 0.4444444, 0, 0, 0, 0, 0]
[0.9630868, 0.2407717, 0, 0, 0, 0, 0]
[0.9759001, 0.19518, 0, 0, 0, 0, 0]
[0.9830783, 0.1638464, 0, 0, 0, 0, 0]
[0.9965458, 0, 0, 0, -0.6666667, -0.6666667, 0]
